0:00	29.90	1.3793	1.3845	1.4447	1.384	1.4094	1.359	1.8983	1.9077	1.9043	1.9379	1.9158	1.8862		
		1.2843	1.4606	1.4666	1.4381	1.3684	1.323	2.01	1.9928	1.944	1.9637	1.9526	1.8595		
		0.4256	0.4161	0.4304	0.4457	0.44	0.3855	0.4724	0.4761	0.3646	0.345	0.3336	0.2914		
		0.3541	0.4398	0.3834	0.5007	0.3653	0.4158	0.321	0.3716	0.3487	0.3394	0.2569	0.238		
		0.417	0.276	0.2586	0.3178	0.3695	0.3596	0.2165	0.2141	0.1839	0.3043	0.1946	0.1906		
		0.2378	0.2649	0.197	0.309	0.1661	0.2444	0.1592	0.1998	0.2188	0.204	0.2256	0.1506		
		0.2951	0.278	0.235	0.2207	0.2093	0.1944	0.1873	0.2249	0.1457	0.1665	0.1993	0.1323		
		0.1902	0.1769	0.1499	0.1472	0.1341	0.1509	0.1374	0.1454	0.1397	0.1582	0.1238	0.1202		
		
17:05	31.10	1.3102	1.3635	1.3629	1.3063	1.3245	1.2926	1.8506	1.8676	1.8469	1.8791	1.8718	1.8436		
		1.2332	1.3852	1.3953	1.3694	1.3198	1.2703	1.9612	1.9964	1.8904	1.9111	1.9457	1.8417		
		0.3059	0.357	0.3803	0.3817	0.3817	0.3698	0.3358	0.3553	0.3191	0.3368	0.2926	0.2831		
		0.3068	0.3703	0.369	0.4444	0.3458	0.3825	0.2917	0.3273	0.3118	0.3142	0.2663	0.2428		
		0.2293	0.2279	0.2299	0.292	0.3819	0.2425	0.1912	0.1709	0.169	0.2173	0.15	0.1303		
		0.1944	0.2417	0.1891	0.2683	0.1786	0.2363	0.1588	0.1522	0.1631	0.1403	0.1535	0.1444		
		0.2475	0.2824	0.2572	0.2261	0.2145	0.2075	0.1872	0.153	0.154	0.1619	0.1808	0.1506		
		0.2206	0.1814	0.1746	0.1573	0.1431	0.1462	0.1273	0.1259	0.1269	0.1499	0.1298	0.1274		
		
34:10	31.60	1.3184	1.3455	1.3607	1.2925	1.3571	1.2955	1.8497	1.8584	1.8443	1.8839	1.8733	1.8358		
		1.237	1.3913	1.3967	1.3731	1.3363	1.2763	1.9652	1.9799	1.8883	1.9205	1.931	1.8674		
		0.3033	0.3595	0.3819	0.3802	0.3847	0.3679	0.3418	0.3501	0.3198	0.3339	0.2902	0.2877		
		0.315	0.3902	0.3699	0.446	0.3462	0.3812	0.2912	0.3235	0.3105	0.3145	0.2626	0.2411		
		0.2356	0.2248	0.228	0.2914	0.3809	0.2407	0.189	0.1699	0.1556	0.195	0.1375	0.142		
		0.1982	0.2351	0.192	0.2694	0.1785	0.2332	0.1582	0.1531	0.1451	0.1426	0.1553	0.1416		
		0.254	0.2829	0.2484	0.2238	0.2073	0.2056	0.1809	0.1505	0.1517	0.1602	0.1762	0.149		
		0.2275	0.1882	0.1809	0.157	0.1445	0.1436	0.1267	0.1272	0.125	0.1485	0.1307	0.1259		
		
51:15	31.10	1.3201	1.3477	1.3632	1.29	1.3619	1.2865	1.8432	1.8518	1.8459	1.8907	1.8765	1.8317		
		1.238	1.3974	1.3941	1.3693	1.3384	1.2803	1.9668	2.0392	1.8984	1.9329	1.9224	1.8236		
		0.2811	0.357	0.3792	0.3781	0.3847	0.3696	0.3377	0.3458	0.3159	0.3318	0.2859	0.2863		
		0.3117	0.3545	0.3659	0.439	0.343	0.3794	0.2862	0.3247	0.3074	0.3095	0.2628	0.2417		
		0.2309	0.224	0.2185	0.2913	0.3783	0.2449	0.1863	0.1718	0.1575	0.2165	0.1294	0.1325		
		0.1982	0.2384	0.1872	0.267	0.1776	0.2327	0.1601	0.1582	0.1405	0.1438	0.1552	0.1349		
		0.2503	0.2793	0.2424	0.2236	0.2057	0.2064	0.1787	0.1733	0.1508	0.1613	0.176	0.1486		
		0.2251	0.1826	0.1793	0.1559	0.141	0.1446	0.1274	0.124	0.1243	0.1487	0.1272	0.1262		
		
1:08:20	30.50	1.304	1.438	1.3513	1.3216	1.361	1.2752	1.8383	1.8459	1.8493	1.8951	1.877	1.8251		
		1.2254	1.382	1.3867	1.3606	1.3393	1.2731	1.9756	1.9521	1.8969	1.9312	1.9213	1.821		
		0.2818	0.359	0.3801	0.3771	0.3892	0.373	0.3422	0.3492	0.3166	0.3326	0.2897	0.2909		
		0.3106	0.3522	0.3632	0.438	0.3447	0.3795	0.2857	0.3263	0.3055	0.313	0.263	0.2429		
		0.2273	0.2195	0.2179	0.2861	0.3764	0.2428	0.1859	0.1751	0.1508	0.2152	0.1304	0.1264		
		0.1959	0.2336	0.1878	0.2678	0.1767	0.2302	0.1576	0.1621	0.1334	0.1446	0.1547	0.1287		
		0.25	0.2804	0.2426	0.2207	0.2045	0.2065	0.1795	0.1829	0.1514	0.1616	0.1803	0.1478		
		0.2291	0.1781	0.1768	0.1541	0.1414	0.1453	0.1259	0.1255	0.1255	0.1502	0.128	0.1272		
		
1:25:25	30.20	1.3151	1.4238	1.3529	1.3218	1.3625	1.2786	1.8343	1.8426	1.8591	1.8854	1.8717	1.8219		
		1.2321	1.3902	1.3918	1.3779	1.3427	1.2997	1.972	1.9534	1.8996	1.9255	1.9197	1.8195		
		0.285	0.3733	0.3877	0.3788	0.3947	0.379	0.3497	0.3558	0.3224	0.3382	0.2909	0.2924		
		0.3276	0.3473	0.3659	0.4418	0.3489	0.3794	0.2872	0.3293	0.3088	0.3147	0.2661	0.2451		
		0.2313	0.2229	0.2133	0.2813	0.3788	0.2442	0.1872	0.1775	0.1556	0.2012	0.1273	0.1214		
		0.2003	0.2366	0.1908	0.2705	0.1802	0.2328	0.1603	0.1674	0.1306	0.1458	0.1533	0.1266		
		0.2683	0.2818	0.2555	0.2289	0.2078	0.2098	0.1845	0.1849	0.1524	0.1623	0.1747	0.1491		
		0.2329	0.1826	0.1797	0.1587	0.1439	0.145	0.1272	0.1266	0.1256	0.1509	0.1278	0.1275		
		
1:42:30	30.80	1.3521	1.4626	1.3698	1.3305	1.3759	1.2949	1.8415	1.847	1.8684	1.8939	1.8751	1.8216		
		1.2607	1.42	1.4187	1.3944	1.5519	1.3106	1.9791	1.9583	1.9093	1.928	1.9186	1.8232		
		0.4159	0.3909	0.4083	0.3913	0.4206	0.3907	0.3686	0.3766	0.3455	0.3616	0.3098	0.2921		
		0.3638	0.3697	0.3887	0.4653	0.3691	0.4029	0.2932	0.3371	0.3132	0.3271	0.2735	0.2503		
		0.273	0.2471	0.2302	0.3001	0.3886	0.2589	0.2078	0.1849	0.1636	0.1933	0.1308	0.119		
		0.2363	0.2554	0.2106	0.2913	0.1924	0.2532	0.1719	0.1778	0.1457	0.1617	0.1655	0.1265		
		0.2929	0.3098	0.2807	0.2444	0.2262	0.2236	0.2064	0.2011	0.1682	0.1709	0.1897	0.1548		
		0.2788	0.1981	0.1946	0.1652	0.1579	0.1531	0.1415	0.1302	0.138	0.1521	0.1362	0.1301		
		
1:59:35	31.30	1.3209	1.4964	1.3577	1.3154	1.3615	1.2871	1.8248	1.8348	1.8519	1.8865	1.8676	1.8189		
		1.242	1.3986	1.4022	1.388	1.4386	1.3317	1.9628	1.9467	1.8987	1.9177	1.9066	1.8122		
		0.3359	0.364	0.3924	0.3767	0.3915	0.3732	0.3537	0.352	0.3238	0.3349	0.2976	0.2878		
		0.319	0.3471	0.3667	0.441	0.3462	0.3794	0.2829	0.3265	0.2943	0.3082	0.2708	0.2469		
		0.2322	0.2231	0.2014	0.2843	0.3771	0.2429	0.1881	0.178	0.1514	0.1717	0.1333	0.1187		
		0.2024	0.2416	0.1964	0.2665	0.1796	0.2328	0.1567	0.1804	0.1307	0.1455	0.1527	0.1271		
		0.2613	0.2816	0.256	0.227	0.2064	0.2066	0.186	0.1827	0.1529	0.1608	0.1775	0.1504		
		0.2338	0.1826	0.1777	0.158	0.142	0.1458	0.1262	0.1287	0.1256	0.1513	0.1282	0.1285		
		
2:16:40	31.30	1.3193	1.476	1.3585	1.3271	1.3642	1.2861	1.8195	1.8303	1.8496	1.8832	1.8639	1.8145		
		1.2413	1.3994	1.4082	1.3845	1.469	1.3421	1.9637	1.9464	1.8935	1.9133	1.9091	1.8105		
		0.3315	0.3594	0.3922	0.3746	0.3933	0.3757	0.347	0.3531	0.3223	0.3377	0.2973	0.2887		
		0.3154	0.3434	0.363	0.4396	0.3475	0.3793	0.2823	0.3264	0.2955	0.3058	0.2692	0.2485		
		0.2311	0.218	0.2034	0.2794	0.3761	0.2416	0.1871	0.176	0.1453	0.1768	0.131	0.1174		
		0.1988	0.2393	0.1925	0.2658	0.1776	0.2298	0.156	0.1781	0.1334	0.1468	0.1554	0.1272		
		0.2503	0.2726	0.2543	0.2206	0.2104	0.2055	0.1856	0.1836	0.15	0.1615	0.1729	0.1482		
		0.2295	0.1772	0.1783	0.157	0.1406	0.1422	0.1252	0.1285	0.127	0.1502	0.1274	0.1268		
		
2:33:45	30.70	1.3327	1.4745	1.3599	1.3184	1.3628	1.2884	1.8177	1.8271	1.8464	1.8808	1.8625	1.8167		
		1.2438	1.4045	1.4101	1.3875	1.4447	1.3463	1.9578	1.9391	1.896	1.9117	1.9015	1.8067		
		0.3363	0.3614	0.3923	0.3755	0.3986	0.3784	0.3414	0.3606	0.3246	0.341	0.2916	0.2945		
		0.3197	0.3454	0.3646	0.4437	0.3545	0.3865	0.2796	0.3288	0.2966	0.3046	0.2686	0.2486		
		0.2336	0.2232	0.202	0.2795	0.3772	0.2419	0.1868	0.1762	0.1467	0.1624	0.1339	0.1178		
		0.1964	0.2432	0.1958	0.2715	0.1789	0.2305	0.1575	0.1755	0.1238	0.1467	0.1564	0.1287		
		0.2495	0.2779	0.2587	0.2256	0.2092	0.2074	0.1838	0.1883	0.153	0.161	0.1739	0.1491		
		0.2241	0.1832	0.1814	0.1612	0.1464	0.1416	0.126	0.1283	0.1248	0.1516	0.1299	0.1273		
		
2:50:50	30.20	1.332	1.4845	1.3625	1.3241	1.3649	1.2891	1.8155	1.8252	1.8456	1.8775	1.8612	1.8121		
		1.2493	1.4109	1.4122	1.3873	1.4472	1.3526	1.9522	1.9394	1.8974	1.91	1.8982	1.8033		
		0.3443	0.3654	0.3953	0.3757	0.3979	0.3754	0.345	0.3585	0.3254	0.3438	0.2944	0.292		
		0.3247	0.3431	0.403	0.4486	0.3538	0.3867	0.2846	0.328	0.2992	0.3083	0.2708	0.2498		
		0.2421	0.2261	0.2035	0.2819	0.3764	0.2416	0.1895	0.1788	0.1536	0.1584	0.1383	0.1186		
		0.2058	0.244	0.1971	0.2711	0.1779	0.2329	0.1582	0.1815	0.1314	0.1462	0.1564	0.1292		
		0.2542	0.2796	0.257	0.2281	0.2091	0.2067	0.1839	0.1825	0.1525	0.1611	0.1769	0.1511		
		0.231	0.189	0.1833	0.1582	0.1424	0.1443	0.1249	0.1263	0.1259	0.15	0.1299	0.1284		
		
3:07:55	30.60	1.3274	1.5054	1.3635	1.326	1.3667	1.2916	1.8143	1.8218	1.8414	1.8725	1.86	1.8126		
		1.2463	1.4177	1.4122	1.3868	1.524	1.3501	1.9531	1.9362	1.8917	1.9094	1.8968	1.8007		
		0.3388	0.3637	0.397	0.3764	0.4005	0.3804	0.3482	0.3599	0.3277	0.3394	0.2959	0.2963		
		0.3263	0.3116	0.3666	0.4481	0.3579	0.4003	0.2826	0.3287	0.3002	0.3097	0.2721	0.2521		
		0.2337	0.2236	0.2017	0.2793	0.3779	0.2429	0.1888	0.1766	0.1549	0.1633	0.1442	0.12		
		0.2014	0.2467	0.1961	0.2686	0.1788	0.234	0.1579	0.1806	0.125	0.1463	0.157	0.1315		
		0.2699	0.2794	0.2517	0.2262	0.2105	0.2075	0.1861	0.1922	0.153	0.1616	0.1761	0.1513		
		0.2249	0.1891	0.1791	0.1677	0.1399	0.1432	0.1261	0.1269	0.126	0.1523	0.133	0.1297		
		
3:25:00	31.20	1.3315	1.4962	1.3644	1.3217	1.369	1.2929	1.8134	1.8215	1.8411	1.8718	1.86	1.8095		
		1.2484	1.4206	1.4146	1.3907	1.5221	1.3584	1.9569	1.9366	1.8896	1.9066	1.8976	1.8005		
		0.3452	0.3651	0.3923	0.3765	0.4	0.3778	0.3472	0.3647	0.3312	0.3404	0.2982	0.2934		
		0.3261	0.3031	0.385	0.4503	0.3613	0.3931	0.2834	0.3316	0.3008	0.3105	0.2738	0.2538		
		0.2414	0.2264	0.2033	0.2833	0.3764	0.242	0.1881	0.1776	0.1553	0.1883	0.1388	0.1168		
		0.2074	0.2479	0.1975	0.2704	0.1795	0.2328	0.1586	0.1741	0.1355	0.1496	0.1583	0.1305		
		0.2798	0.2793	0.2543	0.2278	0.2081	0.2075	0.1845	0.1823	0.1524	0.1606	0.1777	0.151		
		0.2387	0.187	0.1815	0.1669	0.1423	0.1444	0.1256	0.1269	0.1252	0.1511	0.1332	0.1288		
		
3:42:05	31.40	1.3338	1.5219	1.3649	1.3195	1.3706	1.2942	1.8114	1.8193	1.8386	1.8667	1.8574	1.8068		
		1.2459	1.4211	1.4163	1.3921	1.5135	1.3617	1.9509	1.9361	1.8829	1.9049	1.9003	1.7999		
		0.3413	0.3627	0.3884	0.3752	0.4004	0.3846	0.3477	0.3658	0.3305	0.3406	0.2966	0.2977		
		0.3274	0.2944	0.412	0.4471	0.3617	0.3919	0.2834	0.3335	0.3018	0.3097	0.2683	0.2556		
		0.2368	0.2231	0.2013	0.2791	0.3769	0.2416	0.189	0.1782	0.1562	0.172	0.1385	0.1168		
		0.2069	0.2475	0.195	0.2671	0.1795	0.2329	0.1569	0.1792	0.1283	0.1481	0.1568	0.1347		
		0.2733	0.2757	0.2524	0.2262	0.2112	0.205	0.1837	0.1834	0.1519	0.1596	0.175	0.1502		
		0.2324	0.1876	0.1766	0.1589	0.1418	0.1416	0.1264	0.127	0.1254	0.1508	0.1316	0.128		
		
3:59:10	31.10	1.3224	1.5233	1.3641	1.3131	1.3674	1.2937	1.809	1.8152	1.8358	1.8652	1.8538	1.8062		
		1.2446	1.4164	1.413	1.3887	1.5094	1.3653	1.9491	1.9311	1.8844	1.9045	1.8947	1.7963		
		0.3334	0.3572	0.3877	0.3706	0.4013	0.3787	0.3694	0.3637	0.3323	0.3408	0.2996	0.3007		
		0.336	0.2986	0.3979	0.4422	0.3574	0.3943	0.2821	0.3281	0.3031	0.3065	0.2708	0.2488		
		0.2315	0.2368	0.201	0.2766	0.3755	0.2415	0.1876	0.1749	0.1547	0.147	0.1314	0.1136		
		0.1989	0.2471	0.1911	0.2629	0.1786	0.2316	0.1571	0.1786	0.1288	0.1512	0.1563	0.134		
		0.2753	0.2696	0.2592	0.2229	0.2046	0.2035	0.1815	0.1993	0.1497	0.1589	0.1731	0.1493		
		0.227	0.1817	0.1749	0.1698	0.1439	0.1419	0.1249	0.1261	0.1238	0.1505	0.1322	0.13		
		
4:16:15	30.50	1.3285	1.5329	1.3671	1.3139	1.3661	1.2976	1.8059	1.8158	1.8341	1.8623	1.8547	1.8043		
		1.2473	1.424	1.4171	1.3937	1.5646	1.3784	1.9485	1.9285	1.8834	1.9042	1.8957	1.7963		
		0.3638	0.3807	0.3971	0.3731	0.4085	0.3964	0.3765	0.3659	0.3321	0.3435	0.303	0.3016		
		0.3401	0.3056	0.4033	0.4466	0.3607	0.3988	0.2843	0.336	0.3048	0.3083	0.2736	0.253		
		0.2332	0.2551	0.2046	0.2815	0.3825	0.2434	0.1882	0.1762	0.1561	0.1524	0.1296	0.1164		
		0.2032	0.2516	0.1928	0.275	0.1803	0.2347	0.159	0.1816	0.1299	0.1544	0.1583	0.1367		
		0.2705	0.2757	0.2616	0.227	0.2093	0.2067	0.1728	0.1969	0.1522	0.1603	0.1745	0.1524		
		0.2283	0.186	0.1887	0.1632	0.1424	0.1444	0.1263	0.1267	0.1266	0.152	0.1316	0.1312		
		
4:33:20	30.40	1.3339	1.4951	1.3694	1.3096	1.3699	1.2981	1.8058	1.8142	1.8346	1.8604	1.8568	1.8038		
		1.2532	1.4273	1.4208	1.3983	1.5705	1.3834	1.9505	1.9289	1.8822	1.8988	1.8952	1.7962		
		0.377	0.378	0.4034	0.3756	0.4257	0.4011	0.3151	0.3712	0.3363	0.3443	0.3043	0.2959		
		0.3474	0.3119	0.3965	0.4857	0.3691	0.4066	0.2864	0.3342	0.3021	0.3101	0.2748	0.253		
		0.2365	0.2311	0.2113	0.2839	0.38	0.245	0.1899	0.1762	0.1538	0.1462	0.126	0.1164		
		0.2089	0.254	0.1951	0.2748	0.1812	0.2342	0.1587	0.1769	0.1238	0.1502	0.1617	0.1374		
		0.2832	0.2773	0.2622	0.2294	0.2083	0.2044	0.1748	0.201	0.1523	0.1614	0.1775	0.1537		
		0.2316	0.1981	0.1823	0.1646	0.1403	0.1444	0.1271	0.1257	0.1268	0.1507	0.131	0.1319		
		
4:50:25	31.10	1.3334	1.4852	1.3703	1.3118	1.3717	1.3025	1.8047	1.8132	1.8331	1.8616	1.8559	1.81		
		1.251	1.4263	1.4202	1.4131	1.5534	1.3833	1.9475	1.929	1.8834	1.9015	1.8929	1.7936		
		0.3444	0.3751	0.4063	0.3734	0.431	0.4008	0.3282	0.3685	0.3338	0.3427	0.3067	0.2954		
		0.3479	0.3535	0.3667	0.4854	0.3694	0.4022	0.2925	0.3334	0.3014	0.3088	0.2755	0.2506		
		0.2315	0.2254	0.2106	0.2812	0.3829	0.2418	0.1907	0.1775	0.1554	0.1541	0.1285	0.1167		
		0.2047	0.2518	0.1932	0.2659	0.181	0.2352	0.158	0.1842	0.1251	0.1534	0.1564	0.138		
		0.2664	0.2765	0.2573	0.2264	0.2088	0.2056	0.1751	0.1835	0.1524	0.1609	0.1795	0.1525		
		0.2238	0.1871	0.1782	0.161	0.1417	0.1455	0.1255	0.1255	0.125	0.1512	0.1293	0.1317		
		
5:07:30	31.60	1.3455	1.5672	1.3753	1.306	1.3718	1.3029	1.8031	1.8123	1.831	1.8633	1.8541	1.8059		
		1.2556	1.43	1.4232	1.4146	1.5229	1.3874	1.9474	1.9263	1.8818	1.9006	1.8942	1.7946		
		0.362	0.377	0.4022	0.3736	0.4138	0.4064	0.3298	0.3625	0.3352	0.3444	0.3086	0.2938		
		0.3446	0.3579	0.4072	0.4871	0.3714	0.4024	0.2945	0.3338	0.3002	0.3106	0.2755	0.2531		
		0.2368	0.2544	0.2147	0.283	0.382	0.24	0.1898	0.1769	0.1554	0.1506	0.1282	0.1196		
		0.2076	0.2552	0.1961	0.2668	0.1802	0.2345	0.1597	0.179	0.1272	0.1512	0.1599	0.1379		
		0.2685	0.276	0.2602	0.2313	0.2091	0.2079	0.174	0.1809	0.1499	0.1602	0.177	0.1516		
		0.2344	0.1872	0.1838	0.1707	0.1418	0.1443	0.1261	0.1252	0.1255	0.1505	0.1303	0.1288		
		
5:24:35	31.40	1.3346	1.5445	1.372	1.3108	1.3762	1.3065	1.8041	1.8117	1.8307	1.862	1.8561	1.8035		
		1.2549	1.4331	1.4237	1.4168	1.5096	1.3993	1.9481	1.9255	1.8801	1.897	1.8945	1.7947		
		0.3707	0.3759	0.4047	0.3709	0.4227	0.4058	0.316	0.3655	0.3382	0.3396	0.3099	0.2966		
		0.3401	0.3553	0.4121	0.4974	0.373	0.4056	0.2956	0.3319	0.3007	0.3101	0.2763	0.2516		
		0.2333	0.2247	0.2141	0.2803	0.3831	0.2416	0.1899	0.1773	0.1574	0.1455	0.1307	0.1168		
		0.2057	0.2538	0.1951	0.2656	0.1812	0.2355	0.1576	0.1804	0.1269	0.1535	0.16	0.1385		
		0.275	0.2758	0.2604	0.2233	0.2087	0.2053	0.1749	0.1818	0.1514	0.1604	0.1753	0.1536		
		0.23	0.1842	0.1802	0.172	0.1415	0.1438	0.126	0.126	0.1262	0.1515	0.1304	0.132		
		
5:41:40	30.80	1.3424	1.5602	1.3778	1.3083	1.3794	1.3074	1.8018	1.8119	1.829	1.8618	1.8561	1.8015		
		1.261	1.4387	1.4286	1.424	1.5146	1.3979	1.9431	1.9264	1.8808	1.9007	1.8945	1.7957		
		0.3721	0.3796	0.4088	0.3731	0.4174	0.4034	0.3162	0.3643	0.3318	0.3437	0.3042	0.2981		
		0.3402	0.359	0.4165	0.4861	0.3749	0.4058	0.2962	0.3348	0.3029	0.3112	0.2777	0.2537		
		0.2385	0.2341	0.2091	0.2853	0.383	0.242	0.1885	0.1776	0.1576	0.1532	0.1294	0.1181		
		0.21	0.255	0.1968	0.2693	0.1809	0.2351	0.1573	0.1843	0.1282	0.1535	0.1604	0.1393		
		0.259	0.2817	0.2577	0.2287	0.207	0.2036	0.175	0.1886	0.1521	0.16	0.1766	0.1533		
		0.2467	0.1888	0.181	0.1723	0.1436	0.1413	0.1248	0.1252	0.1268	0.1506	0.1296	0.1312		
		
5:58:45	30.30	1.3395	1.5113	1.3782	1.3045	1.3815	1.3107	1.801	1.8114	1.8269	1.8581	1.8547	1.8034		
		1.2598	1.439	1.4277	1.4252	1.5457	1.4102	1.9442	1.9249	1.8806	1.8984	1.8923	1.7936		
		0.3828	0.3852	0.4143	0.3731	0.4109	0.4018	0.3958	0.3649	0.3323	0.3438	0.3058	0.2998		
		0.342	0.3561	0.4067	0.4917	0.373	0.4073	0.2977	0.3349	0.303	0.3102	0.2794	0.2531		
		0.2332	0.2266	0.2102	0.2838	0.3829	0.2432	0.1897	0.1787	0.1578	0.158	0.1299	0.1156		
		0.206	0.2557	0.1959	0.2623	0.1818	0.235	0.1583	0.1852	0.1258	0.1547	0.1616	0.1409		
		0.2723	0.2763	0.2527	0.229	0.2096	0.206	0.176	0.199	0.1525	0.1623	0.1784	0.1542		
		0.2459	0.1861	0.1829	0.1648	0.1419	0.1439	0.1257	0.1282	0.1271	0.1518	0.1323	0.1335		
		
6:15:50	30.60	1.3509	1.4228	1.3807	1.3043	1.3832	1.3114	1.8011	1.8124	1.8265	1.8588	1.8547	1.804		
		1.266	1.4463	1.4328	1.4273	1.5635	1.443	1.9449	1.9249	1.8785	1.9004	1.8923	1.7955		
		0.385	0.386	0.4078	0.3744	0.409	0.4008	0.4036	0.3641	0.3332	0.3443	0.3067	0.304		
		0.3417	0.3617	0.4047	0.4904	0.3724	0.4115	0.2971	0.3375	0.3033	0.314	0.2787	0.2543		
		0.2407	0.2293	0.2142	0.2867	0.3851	0.2438	0.1897	0.1771	0.1579	0.1634	0.1246	0.118		
		0.2099	0.2573	0.2013	0.2667	0.1833	0.2357	0.1591	0.1846	0.1311	0.1592	0.1654	0.1419		
		0.2612	0.2834	0.2595	0.2307	0.2084	0.2106	0.1755	0.1836	0.1517	0.1623	0.1795	0.1539		
		0.2526	0.1899	0.1856	0.1744	0.1402	0.1444	0.1276	0.1252	0.1281	0.1512	0.1339	0.1334		
		
6:32:55	31.30	1.3439	1.4619	1.3868	1.2997	1.3864	1.3149	1.8002	1.8119	1.8271	1.8574	1.8538	1.8034		
		1.2635	1.448	1.432	1.4291	1.572	1.4415	1.9474	1.9244	1.8794	1.898	1.8919	1.7937		
		0.373	0.385	0.3994	0.3716	0.4165	0.405	0.4114	0.3723	0.3343	0.3435	0.3072	0.3103		
		0.3341	0.3568	0.4107	0.4865	0.3699	0.4106	0.2971	0.3362	0.3043	0.3129	0.2796	0.2536		
		0.2338	0.2402	0.2139	0.2837	0.3846	0.2432	0.1896	0.179	0.1596	0.1604	0.1303	0.1198		
		0.2074	0.2562	0.1988	0.2647	0.183	0.2351	0.1589	0.1779	0.1299	0.1556	0.1626	0.1421		
		0.2764	0.2792	0.2575	0.2275	0.2072	0.2119	0.1782	0.1834	0.1521	0.1623	0.1776	0.153		
		0.2478	0.185	0.184	0.1654	0.1423	0.1448	0.1269	0.1266	0.1282	0.1515	0.1331	0.1326		
		
6:50:00	31.70	1.3583	1.4158	1.3899	1.2965	1.3877	1.3175	1.8008	1.8115	1.827	1.8589	1.8529	1.8123		
		1.2696	1.4464	1.4346	1.4311	1.5088	1.464	1.9434	1.9305	1.8804	1.8991	1.8933	1.795		
		0.3824	0.389	0.4019	0.3714	0.4232	0.403	0.3982	0.375	0.3354	0.3441	0.3094	0.3077		
		0.3399	0.3615	0.4149	0.4884	0.3693	0.4083	0.2974	0.3359	0.3041	0.3142	0.2757	0.2547		
		0.2391	0.2287	0.2162	0.2845	0.3849	0.2429	0.1903	0.1781	0.1589	0.1322	0.1319	0.1191		
		0.2123	0.2582	0.1997	0.2654	0.1816	0.2344	0.158	0.1832	0.1299	0.155	0.1624	0.141		
		0.2662	0.2792	0.2551	0.2276	0.2066	0.2076	0.1764	0.1822	0.1505	0.1605	0.1799	0.1533		
		0.2516	0.189	0.1886	0.1643	0.141	0.1427	0.1251	0.1251	0.1273	0.1514	0.1312	0.1324		
		
7:07:05	31.30	1.3484	1.3779	1.3881	1.3188	1.3901	1.319	1.8003	1.8112	1.828	1.8562	1.8533	1.8134		
		1.2726	1.4467	1.4334	1.4318	1.4952	1.4538	1.946	1.9334	1.88	1.8968	1.8923	1.7972		
		0.3736	0.3807	0.399	0.3713	0.4212	0.4006	0.399	0.375	0.3356	0.3423	0.3063	0.2985		
		0.3417	0.3596	0.4144	0.4846	0.37	0.4113	0.2987	0.3375	0.3053	0.3143	0.2765	0.2538		
		0.2368	0.2616	0.215	0.2823	0.3872	0.2453	0.1895	0.1786	0.1581	0.1339	0.1237	0.1162		
		0.2106	0.2578	0.1992	0.2668	0.1822	0.2347	0.1587	0.1809	0.1322	0.1529	0.1648	0.142		
		0.2538	0.2773	0.2541	0.2256	0.2073	0.2081	0.1779	0.1837	0.1508	0.1618	0.1799	0.1536		
		0.2471	0.1892	0.1922	0.1678	0.1414	0.1462	0.1258	0.1267	0.1286	0.1516	0.1317	0.1327		
		
7:24:10	30.60	1.3885	1.3827	1.411	1.2986	1.4119	1.3328	1.8272	1.8221	1.8387	1.8681	1.8596	1.8249		
		1.299	1.4763	1.4596	1.4518	1.5151	1.4781	1.9546	1.9434	1.8901	1.9069	1.8979	1.8045		
		0.4233	0.4092	0.4272	0.3888	0.453	0.4108	0.4211	0.3923	0.3621	0.3643	0.3308	0.3092		
		0.3676	0.3928	0.4303	0.52	0.3888	0.4297	0.3167	0.3509	0.3275	0.3362	0.2856	0.2596		
		0.2965	0.2524	0.2426	0.3188	0.4034	0.2637	0.2124	0.1898	0.1731	0.1493	0.1255	0.1171		
		0.2604	0.283	0.2225	0.2923	0.2017	0.2626	0.1792	0.2014	0.1386	0.1763	0.1785	0.1452		
		0.3034	0.3086	0.2852	0.245	0.2293	0.2257	0.2111	0.2279	0.1733	0.1729	0.1968	0.1621		
		0.2957	0.2023	0.2022	0.1765	0.1584	0.1542	0.144	0.1343	0.1431	0.1549	0.1411	0.1396		
		
7:41:15	30.30	1.356	1.3672	1.3942	1.2756	1.3929	1.3425	1.8117	1.8147	1.8247	1.8533	1.8499	1.8171		
		1.2818	1.4494	1.448	1.4358	1.5174	1.4656	1.9445	1.9287	1.8789	1.8969	1.8934	1.7982		
		0.3753	0.3866	0.4001	0.3697	0.4191	0.3936	0.3028	0.3694	0.3343	0.3432	0.3205	0.2996		
		0.325	0.3631	0.4027	0.4757	0.3699	0.4019	0.295	0.3372	0.305	0.3179	0.2775	0.2555		
		0.2563	0.231	0.2223	0.2921	0.3859	0.248	0.1904	0.1782	0.1605	0.1365	0.1311	0.116		
		0.2226	0.2579	0.2021	0.2696	0.1841	0.2375	0.1603	0.1847	0.1392	0.1554	0.1723	0.1428		
		0.2539	0.2812	0.2529	0.227	0.208	0.2056	0.1851	0.208	0.1524	0.162	0.1821	0.1552		
		0.2562	0.1853	0.1816	0.1634	0.1439	0.1455	0.1251	0.1261	0.1283	0.154	0.1353	0.1328		
		
7:58:20	30.90	1.3616	1.3692	1.4053	1.2904	1.4003	1.3419	1.8124	1.8153	1.8267	1.8591	1.852	1.8217		
		1.2873	1.4545	1.4516	1.4421	1.5199	1.4758	1.9456	1.9342	1.8805	1.8977	1.8965	1.8008		
		0.3976	0.3856	0.4014	0.3732	0.422	0.399	0.3057	0.3732	0.3391	0.3464	0.3185	0.3038		
		0.3323	0.3659	0.4009	0.4802	0.3702	0.4081	0.2978	0.34	0.307	0.3167	0.2785	0.2584		
		0.2714	0.229	0.2257	0.2927	0.3866	0.2477	0.1908	0.1791	0.1604	0.1401	0.129	0.1183		
		0.2252	0.2617	0.205	0.2739	0.1847	0.2376	0.1605	0.1802	0.135	0.1589	0.1775	0.1462		
		0.2702	0.2826	0.2585	0.2308	0.2061	0.2103	0.1867	0.1832	0.1532	0.165	0.1852	0.158		
		0.2571	0.1891	0.1857	0.1649	0.1415	0.1428	0.1281	0.1265	0.1292	0.1526	0.1342	0.1358		
		
8:15:25	31.60	1.3599	1.3704	1.4019	1.2948	1.4039	1.3445	1.8104	1.8134	1.8272	1.8551	1.8532	1.8252		
		1.2874	1.4605	1.4489	1.4432	1.5441	1.4806	1.9502	1.9315	1.8814	1.8995	1.8928	1.8023		
		0.3882	0.3823	0.3989	0.3702	0.4223	0.3956	0.308	0.3771	0.3384	0.3491	0.3143	0.3009		
		0.3278	0.3652	0.4033	0.4705	0.3694	0.4068	0.2973	0.3407	0.3079	0.3171	0.2796	0.2588		
		0.2546	0.228	0.2249	0.2897	0.3873	0.2471	0.1901	0.1782	0.1592	0.1444	0.135	0.12		
		0.2181	0.2601	0.2011	0.2683	0.184	0.2377	0.1586	0.186	0.1316	0.1553	0.1814	0.1446		
		0.2615	0.2819	0.2555	0.2264	0.207	0.2065	0.1829	0.1991	0.1512	0.1619	0.1829	0.1554		
		0.2504	0.1849	0.1783	0.1628	0.144	0.1446	0.1255	0.1267	0.1279	0.1526	0.131	0.1347		
		
8:32:30	31.70	1.3595	1.3681	1.4026	1.2856	1.4119	1.3473	1.8104	1.8252	1.8256	1.8572	1.8513	1.8243		
		1.2871	1.4633	1.4524	1.4468	1.5168	1.4641	1.9551	1.9307	1.8829	1.9008	1.8963	1.8047		
		0.3848	0.3861	0.3946	0.3673	0.4166	0.3971	0.3139	0.3776	0.3383	0.346	0.3234	0.3017		
		0.3331	0.3632	0.3973	0.4713	0.372	0.4176	0.2937	0.3416	0.3105	0.3167	0.2804	0.26		
		0.2507	0.223	0.2244	0.2886	0.3858	0.2469	0.1898	0.1778	0.1596	0.1411	0.1387	0.1214		
		0.2187	0.2565	0.199	0.2647	0.1837	0.2369	0.1584	0.1866	0.1364	0.156	0.1811	0.1431		
		0.2634	0.2727	0.2498	0.2252	0.2098	0.2047	0.1826	0.1962	0.1531	0.1621	0.1857	0.1543		
		0.2492	0.1872	0.1773	0.1621	0.1392	0.1464	0.1263	0.1272	0.1269	0.153	0.1325	0.1349		
		
8:49:35	31.40	1.3645	1.3709	1.4086	1.2863	1.4066	1.3508	1.8112	1.8267	1.8274	1.8579	1.854	1.829		
		1.2952	1.4699	1.458	1.4521	1.5283	1.4964	1.9505	1.9321	1.8838	1.9028	1.9013	1.7978		
		0.3872	0.3897	0.3982	0.3697	0.423	0.3995	0.4044	0.3782	0.3425	0.3463	0.3284	0.3043		
		0.3345	0.367	0.3913	0.4748	0.3793	0.4268	0.2946	0.3408	0.3132	0.3181	0.2817	0.2618		
		0.2553	0.2255	0.229	0.2939	0.3853	0.2481	0.1901	0.1783	0.1597	0.1363	0.1389	0.1187		
		0.221	0.2597	0.2012	0.2684	0.1848	0.2388	0.1581	0.1828	0.1339	0.1552	0.1819	0.144		
		0.2482	0.2778	0.2544	0.2266	0.2059	0.2063	0.1839	0.1835	0.152	0.1635	0.187	0.1559		
		0.2519	0.1899	0.179	0.1633	0.1427	0.1443	0.1267	0.131	0.1269	0.1556	0.1315	0.1352		
		
9:06:40	30.60	1.3729	1.3767	1.4141	1.2854	1.4106	1.3551	1.8133	1.8281	1.8349	1.858	1.8588	1.8289		
		1.3004	1.4745	1.4641	1.4801	1.562	1.4055	1.9537	1.9335	1.8858	1.9004	1.9013	1.8091		
		0.3975	0.3972	0.4039	0.3713	0.4191	0.4026	0.41	0.3772	0.3461	0.3517	0.3306	0.3043		
		0.3412	0.3722	0.405	0.4871	0.3696	0.4198	0.2941	0.3445	0.3154	0.3196	0.2831	0.2631		
		0.2599	0.2287	0.2343	0.2951	0.3871	0.2513	0.1922	0.1798	0.1609	0.1425	0.1358	0.1323		
		0.2251	0.2624	0.2047	0.2744	0.1863	0.2395	0.16	0.1848	0.1382	0.157	0.1887	0.1465		
		0.2626	0.2807	0.2556	0.2334	0.208	0.2056	0.1865	0.1845	0.1534	0.1639	0.1921	0.1576		
		0.2625	0.1953	0.1791	0.1624	0.1439	0.145	0.128	0.1277	0.1282	0.1542	0.1349	0.1389		
		
9:23:45	30.30	1.3734	1.3787	1.4141	1.2869	1.4158	1.3564	1.8126	1.8305	1.8356	1.8619	1.8605	1.8317		
		1.3051	1.4765	1.4651	1.4884	1.5863	1.4241	1.958	1.9359	1.8871	1.9016	1.9058	1.8104		
		0.3918	0.3989	0.4053	0.3718	0.4207	0.4075	0.4146	0.3819	0.3472	0.3502	0.3272	0.3083		
		0.331	0.3747	0.3969	0.4871	0.3734	0.4322	0.2959	0.3487	0.317	0.3225	0.2855	0.2652		
		0.2559	0.228	0.2325	0.2941	0.3907	0.2501	0.1909	0.1797	0.1601	0.1362	0.1336	0.1345		
		0.2204	0.2631	0.2038	0.2705	0.1873	0.2404	0.1602	0.1876	0.1376	0.1586	0.1917	0.1499		
		0.2559	0.2777	0.2544	0.2309	0.2084	0.2084	0.1849	0.1859	0.1552	0.167	0.194	0.1585		
		0.2565	0.1894	0.1755	0.1586	0.1472	0.1447	0.1282	0.1285	0.1303	0.1546	0.1353	0.1383		
		
9:40:50	31.00	1.3705	1.3805	1.4144	1.2826	1.4174	1.3619	1.8149	1.8302	1.8347	1.8639	1.8623	1.8337		
		1.3043	1.4784	1.4671	1.4888	1.4903	1.4304	1.9552	1.9392	1.8864	1.9039	1.9056	1.8101		
		0.3895	0.3973	0.4051	0.3709	0.4241	0.4084	0.417	0.3783	0.3407	0.3527	0.3329	0.3108		
		0.3284	0.3735	0.4151	0.4814	0.3753	0.4406	0.2961	0.3489	0.318	0.3239	0.2872	0.267		
		0.2613	0.2326	0.2327	0.2952	0.3913	0.2503	0.1907	0.1799	0.161	0.1485	0.1339	0.1377		
		0.2176	0.2597	0.2029	0.2737	0.1874	0.2401	0.1602	0.1797	0.1378	0.1583	0.192	0.1503		
		0.26	0.279	0.2479	0.2291	0.2081	0.2084	0.1857	0.1859	0.1531	0.167	0.1946	0.1574		
		0.2529	0.1825	0.1773	0.1579	0.1442	0.1462	0.1274	0.129	0.129	0.1561	0.1317	0.139		
		
9:57:55	31.80	1.3784	1.3962	1.4198	1.2839	1.4205	1.3657	1.8156	1.8299	1.8354	1.8635	1.8646	1.8364		
		1.3152	1.4843	1.4734	1.4928	1.4996	1.4331	1.9609	1.9399	1.8906	1.9066	1.9065	1.8116		
		0.3644	0.4016	0.406	0.3712	0.4263	0.4081	0.4262	0.3798	0.3466	0.3611	0.3318	0.3112		
		0.3344	0.3801	0.4057	0.4833	0.3783	0.4316	0.2944	0.3494	0.3225	0.326	0.29	0.2683		
		0.2608	0.2269	0.2364	0.299	0.3929	0.2499	0.1919	0.1791	0.1605	0.136	0.1358	0.1389		
		0.2219	0.2638	0.2045	0.2716	0.1878	0.2416	0.1601	0.1833	0.1395	0.1574	0.1959	0.1517		
		0.2785	0.2796	0.253	0.2276	0.2099	0.2074	0.1845	0.1861	0.1593	0.1672	0.1958	0.1592		
		0.2552	0.1872	0.179	0.1557	0.1414	0.1469	0.129	0.1291	0.1294	0.1555	0.1349	0.1393		
		
10:15:00	31.70	1.3842	1.3997	1.4253	1.2806	1.4277	1.3723	1.8195	1.8383	1.845	1.8678	1.8666	1.8405		
		1.3211	1.4889	1.4817	1.4985	1.5324	1.4428	1.9534	1.9438	1.8929	1.909	1.9088	1.8178		
		0.3867	0.4041	0.4093	0.3721	0.431	0.4141	0.4324	0.3838	0.3491	0.3544	0.3326	0.3152		
		0.3393	0.3842	0.4202	0.4919	0.3816	0.4304	0.2966	0.3523	0.3234	0.3282	0.2935	0.271		
		0.2604	0.2305	0.2437	0.3022	0.3916	0.2525	0.1928	0.18	0.1618	0.1693	0.142	0.1412		
		0.2277	0.2654	0.2079	0.2774	0.1899	0.2417	0.1602	0.1854	0.144	0.158	0.196	0.15		
		0.2605	0.2824	0.257	0.2275	0.2099	0.2105	0.1873	0.1854	0.1577	0.1665	0.1991	0.1593		
		0.2627	0.1897	0.1778	0.1569	0.1437	0.1435	0.1286	0.1292	0.1286	0.1546	0.1332	0.141		
		
10:32:05	31.30	1.3843	1.4022	1.4283	1.2833	1.4383	1.3773	1.8209	1.8384	1.8456	1.8693	1.8681	1.8411		
		1.322	1.4881	1.4847	1.5006	1.5008	1.4434	1.9559	1.9476	1.8967	1.9117	1.912	1.8216		
		0.3733	0.4044	0.4147	0.3707	0.434	0.4201	0.4451	0.3856	0.3509	0.3537	0.3223	0.3157		
		0.3414	0.3859	0.4117	0.4894	0.3855	0.4363	0.2951	0.3565	0.3265	0.332	0.2963	0.2762		
		0.2557	0.2306	0.2417	0.3009	0.3945	0.2541	0.1923	0.18	0.1597	0.1668	0.1515	0.1434		
		0.2216	0.2627	0.2063	0.2801	0.1916	0.243	0.163	0.1877	0.1468	0.1589	0.1988	0.1504		
		0.2566	0.2769	0.2528	0.2265	0.209	0.2077	0.1881	0.1908	0.1532	0.1688	0.2001	0.1606		
		0.2482	0.1895	0.1746	0.159	0.1425	0.144	0.129	0.1304	0.1295	0.1555	0.1344	0.144		
		
10:49:10	30.70	1.3899	1.4067	1.4335	1.2934	1.4385	1.3849	1.8231	1.8414	1.8467	1.8706	1.8717	1.8444		
		1.3287	1.495	1.4946	1.5142	1.5162	1.4507	1.9586	1.9475	1.8986	1.9158	1.9162	1.824		
		0.3791	0.409	0.4228	0.3719	0.4394	0.4278	0.453	0.3913	0.3524	0.3739	0.3313	0.3212		
		0.3472	0.3909	0.4251	0.496	0.3924	0.4458	0.2962	0.3624	0.3317	0.3375	0.3013	0.2793		
		0.2619	0.2364	0.2453	0.3049	0.3937	0.2555	0.1936	0.181	0.1619	0.1596	0.1446	0.1473		
		0.23	0.2652	0.2107	0.2817	0.1928	0.2451	0.1597	0.1813	0.1482	0.1616	0.2021	0.1552		
		0.2703	0.2816	0.2594	0.2298	0.2082	0.2075	0.1877	0.1895	0.1578	0.1707	0.2025	0.1629		
		0.2631	0.1892	0.1851	0.1574	0.1458	0.1445	0.1287	0.1308	0.1312	0.1555	0.1363	0.1455		
		
11:06:15	30.30	1.3906	1.4099	1.439	1.2961	1.4486	1.3928	1.8249	1.8438	1.852	1.8773	1.8769	1.8486		
		1.3341	1.4984	1.5013	1.5201	1.5169	1.4588	1.9623	1.9519	1.9025	1.9215	1.918	1.8302		
		0.381	0.4084	0.4259	0.3738	0.4476	0.4345	0.4643	0.3975	0.3587	0.365	0.3332	0.3239		
		0.3492	0.3958	0.4189	0.4986	0.3985	0.4524	0.2971	0.3658	0.3364	0.3419	0.3054	0.2824		
		0.258	0.2597	0.2446	0.3058	0.3966	0.2585	0.1943	0.1815	0.1631	0.1584	0.1413	0.1545		
		0.2264	0.2653	0.2096	0.2824	0.1944	0.2477	0.1609	0.1869	0.152	0.1602	0.2048	0.1606		
		0.261	0.28	0.2417	0.2236	0.2105	0.2071	0.1884	0.1896	0.1597	0.1733	0.205	0.1635		
		0.26	0.1961	0.1793	0.1565	0.1448	0.1447	0.1306	0.132	0.1318	0.1601	0.1351	0.1492		
		
11:23:20	30.90	1.4004	1.4176	1.4458	1.2951	1.4542	1.4003	1.8282	1.8455	1.8511	1.8799	1.8808	1.8533		
		1.3448	1.5068	1.5116	1.5304	1.5044	1.472	1.9623	1.9532	1.9058	1.9232	1.9231	1.8346		
		0.3842	0.4142	0.4364	0.3743	0.4551	0.4407	0.4778	0.3989	0.3638	0.3693	0.3388	0.3272		
		0.357	0.4026	0.4351	0.5083	0.4059	0.4571	0.2989	0.3717	0.3428	0.3472	0.3136	0.2882		
		0.2666	0.2353	0.2485	0.3102	0.3988	0.2598	0.1963	0.1821	0.1629	0.1557	0.1504	0.1582		
		0.2344	0.2707	0.214	0.2863	0.1967	0.2494	0.1617	0.1884	0.1513	0.1608	0.2102	0.1656		
		0.2735	0.2837	0.2468	0.226	0.2115	0.2087	0.1904	0.2036	0.1684	0.1859	0.2196	0.1666		
		0.269	0.1955	0.1854	0.1586	0.1471	0.1481	0.1312	0.1326	0.1315	0.1585	0.1394	0.1519		
		
11:40:25	31.70	1.4019	1.4215	1.4485	1.2935	1.4645	1.4109	1.8306	1.8499	1.8538	1.8854	1.8835	1.8554		
		1.3478	1.5144	1.5184	1.5396	1.4686	1.4932	1.968	1.955	1.9096	1.9286	1.928	1.8414		
		0.3841	0.4203	0.439	0.3707	0.4621	0.4478	0.4945	0.4027	0.3698	0.3818	0.3422	0.3291		
		0.3571	0.4047	0.4325	0.5097	0.4162	0.4676	0.2959	0.3764	0.3467	0.3512	0.3182	0.2962		
		0.2613	0.2334	0.2474	0.3079	0.4019	0.2622	0.1956	0.1823	0.1635	0.1383	0.155	0.155		
		0.2305	0.2685	0.2137	0.2829	0.199	0.2517	0.1616	0.1821	0.1516	0.1617	0.2092	0.1671		
		0.2611	0.2828	0.2438	0.2329	0.2077	0.2077	0.1906	0.1937	0.1584	0.1735	0.2126	0.1662		
		0.2581	0.1901	0.1829	0.1591	0.145	0.146	0.1324	0.1329	0.1349	0.161	0.1386	0.1547		
		
11:57:30	31.90	1.4106	1.4297	1.4576	1.2939	1.4684	1.4202	1.8343	1.8543	1.857	1.8933	1.8915	1.8622		
		1.3566	1.5219	1.5295	1.5509	1.5941	1.4943	1.9759	1.9583	1.9175	1.9368	1.9371	1.8464		
		0.3942	0.4209	0.448	0.3727	0.4709	0.4585	0.5146	0.4067	0.3766	0.3788	0.3492	0.3384		
		0.368	0.4107	0.4413	0.5248	0.4226	0.4839	0.2961	0.3825	0.3523	0.3599	0.3257	0.3024		
		0.2675	0.2495	0.2515	0.3114	0.4035	0.2659	0.1953	0.1815	0.1628	0.1373	0.1535	0.1605		
		0.2343	0.2719	0.2166	0.2965	0.2011	0.2538	0.1633	0.1871	0.1543	0.1614	0.2112	0.1721		
		0.2855	0.2784	0.247	0.2289	0.2049	0.2065	0.191	0.1934	0.1617	0.176	0.2177	0.1671		
		0.2667	0.1957	0.1876	0.1659	0.1486	0.1473	0.1334	0.1336	0.1355	0.1606	0.1388	0.1581		
		
12:14:35	31.60	1.413	1.435	1.4612	1.3019	1.4768	1.4409	1.8393	1.8597	1.8621	1.895	1.897	1.8662		
		1.3614	1.5309	1.5403	1.563	1.4992	1.5047	1.9776	1.9614	1.922	1.9405	1.9399	1.8539		
		0.3922	0.4287	0.4548	0.37	0.4821	0.4689	0.5369	0.4155	0.3844	0.392	0.3566	0.3465		
		0.3647	0.4175	0.4489	0.5277	0.4312	0.4968	0.2984	0.3903	0.3704	0.3677	0.336	0.3108		
		0.2616	0.236	0.2503	0.3109	0.4057	0.271	0.1974	0.1833	0.1646	0.1417	0.1602	0.1605		
		0.2319	0.27	0.2162	0.2964	0.2021	0.2558	0.1618	0.1901	0.1567	0.1623	0.2148	0.1725		
		0.2836	0.2793	0.2426	0.2282	0.209	0.2077	0.1908	0.2138	0.163	0.1757	0.2213	0.1751		
		0.2646	0.1897	0.1787	0.1579	0.1453	0.1448	0.1337	0.1346	0.1351	0.1645	0.1432	0.1632		
		
12:31:40	30.80	1.4523	1.4561	1.4858	1.3145	1.5006	1.4597	1.8554	1.8718	1.8776	1.9119	1.9113	1.876		
		1.3883	1.5587	1.5697	1.5836	1.5791	1.5427	1.9915	1.9724	1.937	1.955	1.9546	1.867		
		0.4372	0.4553	0.4835	0.3832	0.5171	0.4973	0.5795	0.441	0.4149	0.4221	0.3769	0.3591		
		0.406	0.4502	0.4775	0.5601	0.4625	0.5317	0.3123	0.409	0.3985	0.3961	0.3526	0.3244		
		0.3044	0.2587	0.2753	0.3334	0.4233	0.2885	0.214	0.1926	0.1772	0.1535	0.1542	0.1619		
		0.2717	0.2939	0.2358	0.3175	0.2165	0.2805	0.179	0.2024	0.171	0.184	0.2236	0.1834		
		0.324	0.3052	0.2643	0.2386	0.2237	0.2235	0.2135	0.209	0.1798	0.1887	0.2426	0.1817		
		0.3061	0.2062	0.1976	0.1665	0.1579	0.153	0.1495	0.1411	0.1522	0.1683	0.1549	0.1724		
		
12:48:45	30.30	1.4338	1.4545	1.4797	1.3096	1.4964	1.4638	1.8501	1.8709	1.8717	1.9126	1.9076	1.8781		
		1.379	1.5527	1.57	1.586	1.5403	1.5479	1.9833	1.9718	1.9325	1.9555	1.9568	1.8704		
		0.4059	0.4412	0.4783	0.3725	0.5102	0.4996	0.595	0.4295	0.4054	0.4175	0.3747	0.3662		
		0.3787	0.4323	0.4622	0.5526	0.4573	0.5249	0.2979	0.4104	0.3883	0.3924	0.3621	0.3347		
		0.2678	0.2406	0.2567	0.3188	0.4163	0.2809	0.1967	0.1839	0.1657	0.1598	0.1606	0.1724		
		0.237	0.2745	0.223	0.3022	0.208	0.2632	0.1645	0.1927	0.1609	0.1672	0.224	0.1849		
		0.2821	0.2838	0.243	0.2279	0.2087	0.2109	0.1893	0.2067	0.1691	0.1989	0.2335	0.1795		
		0.2709	0.1927	0.1826	0.1569	0.1459	0.149	0.1376	0.1381	0.1417	0.1695	0.1502	0.1734		
		
13:05:50	30.80	1.4462	1.4649	1.4984	1.3194	1.5092	1.4792	1.8548	1.8767	1.8812	1.9153	1.9202	1.8891		
		1.3912	1.5684	1.5881	1.6066	1.6772	1.5521	1.9939	1.9794	1.9427	1.9684	1.9657	1.8821		
		0.4154	0.4553	0.4917	0.3741	0.5278	0.5184	0.6256	0.4442	0.4192	0.4274	0.3914	0.3774		
		0.3906	0.4447	0.4789	0.5689	0.4757	0.5458	0.3084	0.4185	0.395	0.4112	0.3814	0.3508		
		0.274	0.244	0.2632	0.3273	0.4212	0.2861	0.1993	0.1861	0.1674	0.138	0.1661	0.1715		
		0.2437	0.2807	0.2283	0.307	0.2131	0.2691	0.1657	0.1865	0.1637	0.1698	0.2293	0.191		
		0.2746	0.2832	0.2476	0.2286	0.2102	0.207	0.2014	0.2008	0.1741	0.1901	0.2482	0.1899		
		0.2596	0.1904	0.1868	0.1603	0.1459	0.1486	0.1391	0.1409	0.1456	0.1774	0.1536	0.1814		
		
13:22:55	31.60	1.4514	1.4742	1.5071	1.324	1.5169	1.4986	1.869	1.8844	1.8884	1.9305	1.9288	1.8977		
		1.3976	1.5785	1.6043	1.6234	1.592	1.5768	1.9932	1.983	1.9519	1.9724	1.9738	1.889		
		0.4192	0.4613	0.4999	0.3712	0.546	0.5397	0.6629	0.4519	0.4308	0.4504	0.4058	0.3938		
		0.3953	0.4531	0.4859	0.5796	0.4904	0.5646	0.2985	0.4333	0.4065	0.4261	0.3997	0.3686		
		0.2757	0.2734	0.2646	0.3312	0.4216	0.2908	0.1999	0.1856	0.1684	0.131	0.1719	0.1749		
		0.2421	0.2784	0.2279	0.3034	0.2189	0.2727	0.1657	0.1932	0.1635	0.1711	0.2294	0.192		
		0.2726	0.2805	0.2455	0.2276	0.2093	0.2082	0.2003	0.2071	0.1765	0.196	0.2519	0.1909		
		0.2523	0.1893	0.1891	0.1717	0.1515	0.1483	0.1416	0.1415	0.1451	0.173	0.1561	0.1875		
		
13:40:00	32.10	1.4644	1.4846	1.5205	1.3253	1.5211	1.5191	1.8755	1.8929	1.8949	1.9384	1.9384	1.9069		
		1.4134	1.5966	1.6311	1.6482	1.6085	1.6045	2.0002	1.99	1.9594	1.9833	1.9851	1.9008		
		0.4305	0.4753	0.5181	0.3715	0.5643	0.5604	0.7054	0.4667	0.4464	0.4742	0.4221	0.4079		
		0.4037	0.4662	0.5025	0.6014	0.5128	0.587	0.2975	0.4458	0.4226	0.4502	0.4234	0.3908		
		0.2748	0.2716	0.2689	0.3373	0.4256	0.2987	0.2014	0.1855	0.1684	0.133	0.1754	0.1805		
		0.2493	0.281	0.233	0.3096	0.2252	0.2787	0.1661	0.1929	0.1653	0.173	0.23	0.1947		
		0.2816	0.2846	0.2496	0.2334	0.2128	0.2076	0.1953	0.2174	0.1801	0.2056	0.2589	0.1962		
		0.2606	0.1906	0.1879	0.1734	0.1458	0.148	0.1423	0.1434	0.1458	0.1754	0.1616	0.1958		
		
13:57:05	31.70	1.4716	1.4981	1.5298	1.3328	1.5237	1.5399	1.8828	1.9007	1.9007	1.9457	1.9487	1.9143		
		1.4236	1.6112	1.6495	1.6737	1.6375	1.6309	2.0085	1.9963	1.9681	1.9925	1.9951	1.9121		
		0.4378	0.4866	0.534	0.3699	0.5857	0.5922	0.7539	0.4806	0.4662	0.4941	0.4455	0.4329		
		0.4162	0.478	0.5185	0.617	0.535	0.612	0.2974	0.4643	0.451	0.4733	0.4506	0.4155		
		0.2791	0.2502	0.2709	0.342	0.4327	0.3049	0.2014	0.1867	0.1708	0.1133	0.1777	0.1969		
		0.2454	0.2851	0.2347	0.3135	0.2307	0.283	0.1668	0.1933	0.1687	0.1792	0.2337	0.1982		
		0.2758	0.2796	0.2456	0.2289	0.209	0.2123	0.1992	0.2083	0.1846	0.2104	0.2716	0.2068		
		0.2526	0.1884	0.1888	0.1619	0.1453	0.1481	0.1439	0.1468	0.1506	0.1851	0.1673	0.2064		
		
14:14:10	31.00	1.4876	1.5131	1.5467	1.3276	1.5433	1.5653	1.8908	1.9094	1.9066	1.9563	1.9597	1.9248		
		1.4466	1.6319	1.6778	1.7026	1.6681	1.6633	2.0142	2.0039	1.9787	2.0028	2.0054	1.919		
		0.4494	0.5051	0.5593	0.3712	0.6177	0.6208	0.7876	0.5016	0.4911	0.5203	0.4726	0.4525		
		0.4321	0.4966	0.5404	0.6432	0.5639	0.6406	0.2985	0.4853	0.4651	0.5022	0.4833	0.4463		
		0.2879	0.2556	0.2783	0.3531	0.441	0.3144	0.2051	0.1887	0.1713	0.1312	0.1805	0.2062		
		0.2545	0.2875	0.2414	0.3207	0.2412	0.2915	0.1708	0.1961	0.1713	0.1766	0.2413	0.2023		
		0.2857	0.2861	0.2478	0.2271	0.2123	0.2084	0.2019	0.2324	0.1895	0.2145	0.2767	0.2151		
		0.26	0.1926	0.2023	0.1633	0.1481	0.1535	0.1495	0.1492	0.1563	0.188	0.173	0.2211		
		
14:31:15	30.40	1.4974	1.5307	1.5603	1.3231	1.561	1.5914	1.899	1.9191	1.9075	1.9702	1.9722	1.9353		
		1.4593	1.6531	1.7057	1.7327	1.7035	1.6992	2.0241	2.0123	1.9923	2.015	2.0151	1.925		
		0.4601	0.5234	0.5762	0.3712	0.65	0.6559	0.8694	0.523	0.5178	0.5508	0.4984	0.481		
		0.4443	0.5122	0.5607	0.6658	0.5958	0.6791	0.2983	0.51	0.5018	0.5398	0.5222	0.4789		
		0.2809	0.2854	0.2805	0.3668	0.4483	0.3211	0.2062	0.1904	0.1737	0.1444	0.2018	0.2102		
		0.2538	0.2938	0.2444	0.3258	0.2469	0.3004	0.1695	0.1964	0.1739	0.1811	0.2438	0.2053		
		0.2866	0.2898	0.2439	0.2248	0.2096	0.2113	0.2052	0.2182	0.1973	0.2278	0.2877	0.227		
		0.2701	0.1967	0.1987	0.1636	0.1477	0.15	0.1496	0.155	0.1616	0.2038	0.1821	0.2355		
		
14:48:20	30.80	1.5249	1.5565	1.5803	1.3338	1.5782	1.6228	1.9086	1.9311	1.9169	1.9827	1.9844	1.9448		
		1.4769	1.6778	1.7378	1.7667	1.7392	1.7377	2.03	2.0207	1.999	2.0241	2.0283	1.937		
		0.4814	0.5452	0.5999	0.3732	0.6829	0.6941	0.9494	0.5455	0.5465	0.5916	0.5335	0.5152		
		0.4661	0.5352	0.5886	0.6962	0.6327	0.7198	0.2986	0.5366	0.5226	0.5761	0.5644	0.5182		
		0.2982	0.2687	0.2907	0.3693	0.4603	0.331	0.2099	0.1935	0.1779	0.1405	0.2014	0.2146		
		0.2751	0.2998	0.255	0.3354	0.2543	0.3077	0.1719	0.198	0.1756	0.1868	0.2497	0.2128		
		0.2946	0.2868	0.2513	0.2293	0.2135	0.2101	0.2121	0.2232	0.2058	0.2365	0.3039	0.2404		
		0.2743	0.1957	0.2059	0.1707	0.147	0.1494	0.1542	0.1593	0.169	0.204	0.1933	0.2528		
		
15:05:25	31.60	1.537	1.5738	1.5986	1.3422	1.5998	1.6524	1.9172	1.9416	1.9259	1.9954	1.9961	1.9571		
		1.4919	1.7012	1.7676	1.801	1.7771	1.7765	2.0399	2.0317	2.0161	2.0386	2.0414	1.9516		
		0.4881	0.5662	0.6308	0.3719	0.7174	0.741	0.9361	0.5747	0.5826	0.6296	0.5745	0.5541		
		0.4798	0.5552	0.6145	0.7259	0.6697	0.7638	0.2973	0.568	0.5612	0.6189	0.6151	0.5618		
		0.2901	0.2712	0.294	0.3749	0.4736	0.3392	0.2122	0.1943	0.1791	0.1355	0.2117	0.2241		
		0.2702	0.304	0.2592	0.3382	0.2641	0.3161	0.1734	0.1993	0.1806	0.1941	0.2573	0.2153		
		0.2881	0.2866	0.2509	0.2298	0.2151	0.2089	0.2165	0.2548	0.2151	0.2535	0.3183	0.2549		
		0.271	0.1965	0.1968	0.1634	0.1471	0.1481	0.1597	0.168	0.1757	0.2101	0.2017	0.2641		
		
15:22:30	31.90	1.5565	1.5976	1.6212	1.3573	1.6262	1.6841	1.9271	1.9532	1.9388	2.0067	2.0106	1.9675		
		1.5131	1.7292	1.8014	1.8372	1.8156	1.8145	2.0455	2.0388	2.029	2.0469	2.0561	1.9653		
		0.5232	0.5913	0.6631	0.3715	0.7589	0.7854	1.0887	0.608	0.6231	0.6744	0.6181	0.5953		
		0.5044	0.58	0.6476	0.7609	0.7121	0.8095	0.2982	0.6036	0.6034	0.6677	0.6687	0.61		
		0.3034	0.2786	0.3234	0.3909	0.4865	0.3496	0.217	0.1967	0.1827	0.1476	0.2157	0.2258		
		0.2786	0.3113	0.2699	0.3487	0.2771	0.3268	0.1751	0.2048	0.1813	0.1962	0.2611	0.2251		
		0.2905	0.2852	0.2474	0.2259	0.2164	0.2076	0.2217	0.2381	0.2346	0.2811	0.3394	0.2701		
		0.2823	0.2013	0.2051	0.1811	0.1522	0.1504	0.1692	0.1752	0.1822	0.2309	0.2165	0.2797		
		
15:39:35	31.60	1.5737	1.6195	1.6415	1.3666	1.649	1.7194	1.9374	1.9646	1.9494	2.0199	2.0167	1.9792		
		1.5318	1.7573	1.8341	1.8725	1.8554	1.8524	2.0593	2.0463	2.0403	2.0611	2.0689	1.9816		
		0.5209	0.6185	0.6928	0.3697	0.8035	0.8359	1.0918	0.6437	0.666	0.7194	0.6659	0.6402		
		0.524	0.6055	0.6793	0.793	0.7556	0.8567	0.2983	0.6443	0.6476	0.7202	0.7282	0.6643		
		0.3027	0.2848	0.3107	0.4009	0.4989	0.3638	0.2211	0.1988	0.1862	0.128	0.2318	0.2318		
		0.2785	0.3153	0.2724	0.3544	0.2874	0.3389	0.1769	0.2007	0.1861	0.1986	0.2686	0.2209		
		0.2865	0.283	0.246	0.2251	0.2162	0.2086	0.2287	0.2556	0.235	0.286	0.3511	0.2862		
		0.2812	0.1977	0.196	0.1678	0.1515	0.1493	0.1693	0.1819	0.1899	0.2327	0.2263	0.3001		
		
15:56:40	30.80	1.5978	1.6452	1.6673	1.3797	1.6769	1.7551	1.9492	1.9791	1.9615	2.0317	2.0316	1.9887		
		1.5565	1.7897	1.8719	1.9089	1.8927	1.8869	2.0625	2.0566	2.0562	2.0744	2.0863	1.9962		
		0.5683	0.6528	0.7309	0.3723	0.8551	0.8926	1.1927	0.6871	0.7133	0.7719	0.721	0.6892		
		0.553	0.6421	0.7194	0.8367	0.8092	0.9155	0.2989	0.6897	0.6983	0.7781	0.7922	0.723		
		0.3151	0.2944	0.3174	0.4081	0.5117	0.3812	0.2278	0.2009	0.1912	0.1384	0.2486	0.2378		
		0.2916	0.3301	0.2867	0.3688	0.3027	0.3542	0.1792	0.2037	0.191	0.2065	0.2762	0.2274		
		0.2924	0.2827	0.2506	0.2308	0.2175	0.215	0.238	0.269	0.2516	0.2956	0.3733	0.3104		
		0.2871	0.2016	0.2092	0.167	0.1501	0.1501	0.1802	0.191	0.2044	0.2482	0.2416	0.3233		
		
16:13:45	30.30	1.621	1.6708	1.6932	1.3917	1.7027	1.7902	1.9614	1.9901	1.9742	2.0451	2.0474	2.0011		
		1.5794	1.8224	1.9053	1.9448	1.9281	1.9219	2.0711	2.0686	2.0666	2.0889	2.0989	2.0097		
		0.5671	0.6828	0.7734	0.3711	0.905	0.9533	1.1965	0.7294	0.7665	0.8211	0.7782	0.7439		
		0.5786	0.6721	0.7578	0.8789	0.8621	0.9633	0.2985	0.7396	0.754	0.8434	0.8645	0.7845		
		0.3191	0.3006	0.324	0.4195	0.5292	0.4023	0.2341	0.2044	0.1958	0.1257	0.2523	0.2495		
		0.2921	0.3247	0.2869	0.3818	0.3176	0.3708	0.1836	0.2138	0.1952	0.2137	0.2879	0.2379		
		0.2937	0.286	0.2536	0.2274	0.2143	0.2122	0.247	0.269	0.2637	0.3201	0.3955	0.3282		
		0.2832	0.1997	0.1885	0.1657	0.1514	0.1525	0.1844	0.201	0.2192	0.2645	0.2536	0.3473		
		
16:30:50	30.80	1.6464	1.6975	1.7206	1.4052	1.7319	1.824	1.9743	2.0036	1.9867	2.0546	2.063	2.0143		
		1.6081	1.8625	1.9537	1.9793	1.9667	1.9541	2.0825	2.0816	2.0906	2.1031	2.1123	2.026		
		0.6017	0.7251	0.822	0.3743	0.9626	1.0054	1.2602	0.7798	0.8246	0.8894	0.8474	0.8037		
		0.6149	0.7211	0.8038	0.9314	0.9166	1.0195	0.2992	0.7926	0.8176	0.912	0.9411	0.8497		
		0.3432	0.3126	0.3388	0.4387	0.5442	0.4266	0.2422	0.2087	0.2039	0.11	0.2629	0.2517		
		0.3084	0.3281	0.3005	0.4054	0.3376	0.3877	0.1868	0.2167	0.204	0.2237	0.295	0.2382		
		0.2934	0.2882	0.2517	0.2314	0.2169	0.2174	0.2594	0.2856	0.2804	0.3387	0.4183	0.3531		
		0.2913	0.2014	0.2065	0.1735	0.1558	0.1542	0.194	0.2222	0.2316	0.2781	0.2693	0.3762		
		
16:47:55	31.40	1.6696	1.7238	1.7474	1.4159	1.7667	1.8599	1.9864	2.0175	1.9992	2.0662	2.0758	2.0284		
		1.6334	1.8928	1.9841	2.0078	1.9957	1.9787	2.094	2.0952	2.0984	2.1177	2.1318	2.0395		
		0.6263	0.7647	0.8671	0.3703	1.011	1.06	1.3659	0.8322	0.8864	0.9492	0.9096	0.8669		
		0.6431	0.7483	0.8419	0.9785	0.9753	1.082	0.3022	0.8504	0.8898	0.9771	1.0126	0.9139		
		0.3316	0.3203	0.3478	0.4502	0.5658	0.4536	0.2518	0.2137	0.2105	0.1365	0.2747	0.2609		
		0.3103	0.315	0.3091	0.4194	0.3574	0.4089	0.1892	0.2193	0.207	0.2331	0.2974	0.2433		
		0.2877	0.2875	0.2498	0.2249	0.2182	0.2135	0.2745	0.299	0.296	0.3632	0.444	0.383		
		0.2842	0.2004	0.1955	0.1646	0.1534	0.1545	0.2042	0.2264	0.245	0.2909	0.292	0.406		
		
17:05:00	31.50	1.6978	1.7517	1.7774	1.431	1.793	1.8915	1.9962	2.0282	2.0111	2.08	2.0905	2.0412		
		1.664	1.926	2.0164	2.0371	2.0216	2.0032	2.1084	2.1096	2.1095	2.1305	2.1439	2.0525		
		0.6619	0.8117	0.9178	0.3722	1.052	1.1087	1.4315	0.8879	0.948	1.0148	0.9794	0.929		
		0.6838	0.797	0.8898	1.0302	1.0247	1.1324	0.2972	0.9147	0.9551	1.0502	1.091	0.9777		
		0.3589	0.3358	0.3648	0.4767	0.5887	0.4847	0.2636	0.2179	0.218	0.1396	0.2791	0.2675		
		0.3237	0.3288	0.3248	0.4397	0.3816	0.4335	0.1938	0.2263	0.212	0.2416	0.3063	0.251		
		0.295	0.2862	0.2533	0.2371	0.2182	0.2162	0.2937	0.325	0.3185	0.3917	0.4812	0.4169		
		0.295	0.1999	0.2081	0.1784	0.1548	0.1548	0.2189	0.2445	0.2598	0.3145	0.3173	0.4407		
		
17:22:05	31.20	1.7215	1.7798	1.8096	1.4408	1.8258	1.9208	2.012	2.04	2.0281	2.0838	2.106	2.0528		
		1.6927	1.9574	2.0423	2.0628	2.0463	2.0246	2.1211	2.119	2.1158	2.1419	2.1548	2.069		
		0.691	0.8548	0.9695	0.3707	1.1316	1.1561	1.4044	0.9465	1.0163	1.0766	1.0529	0.9895		
		0.7195	0.8479	0.9275	1.0894	1.0867	1.2018	0.2993	0.9815	1.0134	1.1201	1.1658	1.048		
		0.3518	0.3446	0.3777	0.494	0.6151	0.5162	0.2702	0.2242	0.2267	0.1417	0.2933	0.2751		
		0.3282	0.3499	0.3376	0.4591	0.408	0.459	0.1987	0.2253	0.2215	0.2502	0.3174	0.2593		
		0.2958	0.2839	0.2459	0.2315	0.2186	0.2145	0.3068	0.33	0.343	0.4226	0.5187	0.4521		
		0.2899	0.2053	0.2003	0.1665	0.1557	0.1545	0.2314	0.2527	0.2765	0.3324	0.3392	0.4749		
		
17:39:10	30.50	1.7523	1.8105	1.8391	1.455	1.8543	1.9459	2.02	2.0541	2.0394	2.1034	2.117	2.0911		
		1.7242	1.9887	2.0681	2.0842	2.0638	2.0389	2.1387	2.1309	2.1361	2.1619	2.165	2.0769		
		0.7334	0.8996	1.0193	0.3719	1.2022	1.2722	1.4477	1.0053	1.0818	1.1393	1.1268	1.0562		
		0.7671	0.8927	0.9595	1.1332	1.1717	1.2877	0.2976	1.047	1.0785	1.2048	1.248	1.1354		
		0.3811	0.3621	0.4012	0.5241	0.6454	0.554	0.2806	0.2318	0.2372	0.1465	0.3079	0.2918		
		0.3452	0.362	0.3564	0.4843	0.4386	0.4905	0.2066	0.2326	0.2364	0.2719	0.3366	0.2672		
		0.3019	0.2917	0.2724	0.228	0.2239	0.218	0.3142	0.3715	0.3695	0.4619	0.5626	0.4962		
		0.2971	0.2056	0.2137	0.191	0.1567	0.158	0.2493	0.2698	0.298	0.3777	0.3699	0.5177		
		
17:56:15	30.30	1.777	1.8428	1.8631	1.4772	1.8813	1.9683	2.0304	2.0607	2.0582	2.1096	2.1249	2.1014		
		1.7535	2.0181	2.0898	2.1025	2.0817	2.0179	2.1473	2.1441	2.1435	2.1682	2.1758	2.0875		
		0.7621	0.9467	1.0491	0.3711	1.2529	1.3351	1.4524	1.0622	1.1302	1.2226	1.2065	1.1263		
		0.8032	0.9467	0.9966	1.2133	1.2457	1.3514	0.2998	1.1102	1.1329	1.2976	1.3384	1.2284		
		0.3796	0.3814	0.4193	0.5503	0.6788	0.596	0.2925	0.2427	0.2468	0.1312	0.3257	0.3085		
		0.3549	0.3846	0.3756	0.5102	0.4687	0.5233	0.2139	0.2416	0.2411	0.285	0.3532	0.2784		
		0.296	0.2898	0.2713	0.2278	0.2208	0.2217	0.3508	0.3707	0.4109	0.509	0.613	0.5404		
		0.2956	0.2087	0.196	0.1842	0.1591	0.1597	0.2572	0.2908	0.3223	0.3891	0.4045	0.5582		
		
18:13:20	31.10	1.8065	1.8717	1.8909	1.4852	1.9054	1.9896	2.0392	2.0698	2.0661	2.1206	2.1415	2.1149		
		1.7839	2.044	2.1095	2.1146	2.0723	1.9985	2.1681	2.1526	2.1439	2.1857	2.2031	2.1054		
		0.8064	0.9893	1.0842	0.3733	1.3053	1.3936	1.6162	1.1349	1.1922	1.2973	1.2989	1.208		
		0.8463	0.9922	1.0549	1.2727	1.3045	1.4111	0.3001	1.1684	1.2096	1.3805	1.4309	1.3127		
		0.3975	0.4012	0.4465	0.5835	0.7129	0.6432	0.3103	0.2518	0.2588	0.1446	0.3411	0.3303		
		0.3734	0.3994	0.4005	0.5444	0.5034	0.5582	0.2234	0.254	0.2524	0.3035	0.3741	0.2963		
		0.3114	0.2951	0.2748	0.2367	0.2234	0.2305	0.367	0.4127	0.4352	0.5559	0.6697	0.5908		
		0.3045	0.2127	0.2186	0.1874	0.162	0.1612	0.2735	0.3138	0.3497	0.4216	0.442	0.6018		
		
18:30:25	31.60	1.8315	1.9005	1.915	1.4878	1.9278	2.0126	2.0566	2.1151	2.0774	2.1281	2.148	2.1401		
		1.8113	2.0709	2.1234	2.0956	2.064	1.982	2.1858	2.164	2.1879	2.1925	2.2046	2.1122		
		0.8393	1.0476	1.2056	0.3713	1.3501	1.4366	1.6739	1.2133	1.253	1.3721	1.3908	1.2875		
		0.8863	1.0256	1.0499	1.3348	1.3629	1.4665	0.2999	1.2346	1.2742	1.4705	1.5086	1.392		
		0.4091	0.4222	0.4677	0.612	0.7532	0.6919	0.3295	0.2614	0.2734	0.1443	0.3686	0.3446		
		0.3839	0.4123	0.4222	0.572	0.542	0.5974	0.2337	0.2764	0.2662	0.3229	0.4008	0.3141		
		0.3021	0.2969	0.2734	0.2324	0.2299	0.2279	0.4007	0.4248	0.4737	0.599	0.729	0.6404		
		0.2981	0.218	0.218	0.1884	0.1633	0.165	0.2945	0.3383	0.3807	0.4615	0.4792	0.6467		
		
18:47:30	31.40	1.8569	1.9293	1.937	1.5057	1.9442	1.9924	2.0881	2.134	2.0831	2.1344	2.1596	2.1473		
		1.8397	2.0885	2.135	2.0769	2.0442	1.9632	2.1923	2.1833	2.2045	2.1972	2.2136	2.1245		
		0.8782	1.0924	1.2592	0.3686	1.409	1.4795	1.724	1.2754	1.3163	1.4449	1.4703	1.3586		
		0.9521	1.0441	1.1301	1.3966	1.3695	1.5015	0.3003	1.3042	1.3362	1.5461	1.564	1.4533		
		0.4281	0.4714	0.4927	0.6463	0.7882	0.7414	0.3479	0.2724	0.2914	0.1278	0.3952	0.369		
		0.3979	0.4324	0.4463	0.6024	0.5757	0.6369	0.2423	0.2738	0.2787	0.3491	0.4286	0.3342		
		0.287	0.2897	0.271	0.2428	0.2264	0.2294	0.4086	0.4548	0.5144	0.6581	0.789	0.6969		
		0.2866	0.2171	0.2118	0.1815	0.1675	0.1645	0.3144	0.3626	0.4099	0.4997	0.5173	0.6905		
		
19:04:35	31.10	1.8822	1.952	1.9548	1.5228	1.9607	1.9736	2.1085	2.1613	2.1117	2.1421	2.1677	2.162		
		1.8621	2.1034	2.1104	2.0594	2.0269	1.9453	2.2114	2.1876	2.2059	2.221	2.2216	2.1353		
		0.9079	1.1716	1.3031	0.3699	1.457	1.4967	1.7289	1.3623	1.3846	1.4866	1.54	1.4055		
		0.9883	1.1017	1.1249	1.4602	1.4182	1.4969	0.2977	1.3702	1.4546	1.5908	1.5941	1.5125		
		0.4449	0.4724	0.5238	0.6881	0.8288	0.7981	0.3703	0.2849	0.3136	0.1291	0.4242	0.3951		
		0.4225	0.4671	0.4768	0.6351	0.6206	0.6847	0.2503	0.2963	0.2948	0.3755	0.4613	0.3614		
		0.2909	0.2951	0.2759	0.2364	0.2354	0.2347	0.4339	0.4922	0.567	0.7242	0.8646	0.7543		
		0.2917	0.2236	0.2086	0.1875	0.1664	0.1692	0.3401	0.3923	0.4476	0.5449	0.5654	0.7277		
		
19:21:40	30.40	1.9015	1.9793	1.9689	1.5387	1.9885	1.9618	2.1228	2.2014	2.114	2.1492	2.1749	2.1819		
		1.8887	2.1203	2.0912	2.0439	2.0074	1.9253	2.2211	2.1944	2.2092	2.225	2.2321	2.1415		
		0.956	1.2167	1.3404	0.3685	1.545	1.5969	1.7426	1.4391	1.4364	1.5147	1.6083	1.4501		
		1.046	1.2072	1.1189	1.5174	1.5422	1.6902	0.2973	1.4293	1.5111	1.6138	1.6154	1.5364		
		0.4592	0.5225	0.5496	0.7268	0.8711	0.8608	0.3961	0.302	0.3377	0.1153	0.4623	0.4276		
		0.4406	0.4886	0.5082	0.6744	0.669	0.7356	0.2626	0.3159	0.314	0.4095	0.5048	0.3937		
		0.2837	0.2932	0.2785	0.2396	0.2366	0.2414	0.4679	0.527	0.623	0.7922	0.9456	0.8195		
		0.2872	0.2233	0.2102	0.196	0.1696	0.1747	0.3681	0.4276	0.488	0.5937	0.6166	0.7763		
		
19:38:45	30.50	1.9233	1.9943	1.9845	1.5599	1.9943	1.9457	2.1399	2.2282	2.1165	2.1573	2.179	2.1947		
		1.9146	2.1105	2.0735	2.0293	1.987	1.9151	2.2475	2.2012	2.212	2.2597	2.237	2.1453		
		0.9843	1.2777	1.3888	0.3717	1.628	1.6952	1.8105	1.491	1.4579	1.5216	1.6457	1.4551		
		1.0974	1.2531	1.2968	1.6131	1.6024	1.7009	0.2999	1.4749	1.552	1.6061	1.6748	1.5362		
		0.4845	0.5357	0.5912	0.7822	0.9251	0.9256	0.4277	0.3216	0.3678	0.1441	0.503	0.4633		
		0.4701	0.5076	0.5449	0.7171	0.7219	0.7901	0.2795	0.3351	0.3391	0.4441	0.55	0.4236		
		0.2939	0.3027	0.2861	0.248	0.2388	0.2461	0.5088	0.573	0.6844	0.8647	1.0341	0.8947		
		0.3153	0.2406	0.2103	0.198	0.1747	0.1818	0.397	0.4651	0.5344	0.6449	0.6762	0.8281		
		
19:55:50	31.30	1.944	2.0108	1.9971	1.5868	1.968	1.9317	2.1577	2.27	2.1225	2.1667	2.1873	2.2092		
		1.9398	2.09	2.0569	2.0108	1.9658	1.8915	2.2556	2.211	2.2146	2.265	2.2453	2.1523		
		1.0129	1.3022	1.5162	0.3725	1.6215	1.6649	1.7764	1.553	1.4657	1.5195	1.6719	1.4501		
		1.1587	1.2631	1.3441	1.6327	1.5539	1.7457	0.2998	1.5061	1.5624	1.599	1.6693	1.5197		
		0.5142	0.573	0.6297	0.8349	0.9773	0.9851	0.4589	0.3464	0.3998	0.1315	0.5426	0.5017		
		0.4991	0.5385	0.5847	0.7656	0.7726	0.8568	0.2962	0.3549	0.3658	0.4806	0.5914	0.4604		
		0.301	0.3049	0.2911	0.2535	0.2477	0.2514	0.564	0.6151	0.7456	0.9399	1.1116	0.9619		
		0.3042	0.2436	0.2256	0.2077	0.1813	0.1858	0.4335	0.5042	0.5831	0.6963	0.7344	0.891		
		
20:12:55	31.60	1.9551	2.0195	1.9908	1.611	1.9456	1.9124	2.1548	2.3072	2.1264	2.171	2.1881	2.2124		
		1.9637	2.0729	2.0384	1.9905	1.9438	1.8701	2.2628	2.2243	2.238	2.2668	2.2503	2.1558		
		1.087	1.2809	1.5832	0.3701	1.6969	1.6955	1.7323	1.5891	1.4712	1.492	1.7005	1.4285		
		1.2313	1.2391	1.3366	1.7156	1.664	1.7827	0.2995	1.5346	1.5526	1.5645	1.6831	1.4788		
		0.5368	0.6026	0.6659	0.8867	1.0287	1.0434	0.4927	0.3735	0.4344	0.1297	0.5878	0.5449		
		0.5185	0.5593	0.6194	0.8103	0.8263	0.9194	0.3184	0.3791	0.3986	0.5218	0.6349	0.5039		
		0.3069	0.3069	0.2927	0.2582	0.251	0.2608	0.6031	0.6703	0.805	1.0224	1.1901	1.0306		
		0.3198	0.2502	0.2237	0.2036	0.1869	0.1944	0.4705	0.5625	0.6352	0.7508	0.7948	0.948		
		
20:30:00	31.20	1.9621	2.0075	1.9703	1.6329	1.9235	1.8919	2.1655	2.3415	2.1324	2.1807	2.1938	2.2333		
		1.9789	2.0555	2.0176	1.9676	1.9193	1.8479	2.2631	2.2281	2.2452	2.3123	2.2585	2.1597		
		1.155	1.2404	1.5934	0.3688	1.7568	1.813	1.6847	1.5656	1.4646	1.4737	1.7809	1.3959		
		1.2864	1.4394	1.2653	1.7609	1.6137	1.8493	0.2982	1.7078	1.5371	1.5263	1.6591	1.4257		
		0.5602	0.6343	0.7054	0.9487	1.0791	1.0849	0.5269	0.4045	0.4754	0.1365	0.6393	0.5895		
		0.5454	0.5796	0.665	0.8602	0.8674	0.9683	0.3404	0.4106	0.4316	0.5685	0.6855	0.5452		
		0.3006	0.3039	0.289	0.261	0.2607	0.271	0.6612	0.719	0.8716	1.0994	1.2665	1.1048		
		0.2966	0.2552	0.2222	0.2029	0.196	0.1978	0.5177	0.6145	0.6906	0.8166	0.8624	1.0139		
		
20:47:05	30.60	1.9477	1.9823	1.9462	1.658	1.9029	1.87	2.1665	2.3796	2.1369	2.1839	2.196	2.2437		
		1.9689	2.0387	1.9957	1.9483	1.8973	1.8266	2.3024	2.2347	2.2441	2.3142	2.4482	2.1614		
		1.1819	1.216	1.6913	0.3707	1.7426	1.8451	1.6228	1.7211	1.5134	1.5937	1.7632	1.3605		
		1.3637	1.5061	1.5299	1.8346	1.7926	1.8961	0.2972	1.8158	1.5154	1.4852	1.562	1.3592		
		0.6001	0.6813	0.7502	1.0033	1.1123	1.1187	0.5686	0.4402	0.5217	0.1102	0.691	0.6373		
		0.5823	0.6145	0.7135	0.9083	0.9231	1.0174	0.3693	0.4456	0.4699	0.6213	0.7419	0.5945		
		0.3124	0.3111	0.2987	0.2665	0.2641	0.2817	0.7183	0.7896	0.9378	1.1684	1.3376	1.1749		
		0.3279	0.2688	0.2259	0.2158	0.202	0.209	0.559	0.6648	0.7526	0.8844	0.9275	1.0866		
		
21:04:10	30.20	1.9268	1.9603	1.929	1.6842	1.8835	1.8504	2.2097	2.2039	2.141	2.1891	2.1946	2.2494		
		1.9556	2.0196	1.9741	1.9262	1.8808	1.806	2.3178	2.2395	2.2999	2.3151	2.4642	2.1624		
		1.2519	1.2686	1.6711	0.3683	1.8332	1.7892	1.5509	1.778	1.4975	1.7015	1.7558	1.3375		
		1.3896	1.5199	1.5693	1.8378	1.8239	1.8681	0.2959	1.9254	1.4866	1.4427	1.4689	1.2316		
		0.6342	0.7185	0.7934	1.0489	1.1489	1.1412	0.6145	0.4785	0.5707	0.1348	0.7525	0.6927		
		0.6168	0.6484	0.7634	0.945	0.9622	1.064	0.401	0.4778	0.5125	0.677	0.8088	0.6544		
		0.3074	0.3089	0.3017	0.2876	0.2769	0.288	0.7698	0.8604	1.0086	1.2318	1.4008	1.2511		
		0.3361	0.2759	0.2285	0.2121	0.2052	0.2186	0.6053	0.7162	0.8068	0.9517	0.9877	1.1554		
		
21:21:15	30.80	1.9134	1.9417	1.9148	1.7083	1.8602	1.8315	2.212	2.2322	2.1454	2.1924	2.1761	2.2543		
		1.9467	1.9987	1.9512	1.9075	1.8597	1.7869	2.3277	2.3112	2.299	2.3242	2.3496	2.1435		
		1.2928	1.2439	1.7635	0.3718	1.7868	1.6619	1.5739	1.7522	1.488	1.6703	1.6834	1.3034		
		1.4519	1.5854	1.4864	1.8577	1.7895	1.8309	0.3004	2.0048	1.4638	1.3364	1.3853	1.1388		
		0.6693	0.7588	0.8352	1.0794	1.1682	1.1913	0.6608	0.5193	0.6249	0.1351	0.8176	0.7477		
		0.6575	0.6887	0.812	0.9779	0.989	1.0972	0.4333	0.5145	0.5578	0.7363	0.8838	0.7113		
		0.3252	0.3233	0.3097	0.2829	0.2857	0.2993	0.8382	0.9178	1.0704	1.2754	1.4619	1.3261		
		0.3199	0.2828	0.2321	0.215	0.2175	0.2258	0.6567	0.7721	0.8646	1.0111	1.0532	1.2307		
		
21:38:20	31.50	1.8954	1.9215	1.8955	1.7347	1.8367	1.8116	2.2149	2.2372	2.1481	2.2971	2.163	2.2468		
		1.9355	1.9771	1.9283	1.887	1.8385	1.7695	2.3468	2.3149	2.3029	2.3091	2.3437	2.1308		
		1.297	1.2363	1.7437	0.3681	1.785	1.5301	1.5072	1.7124	1.4792	1.5789	1.5973	1.219		
		1.5237	1.6286	1.5848	1.9099	1.7058	1.7597	0.2988	2.0961	1.4411	1.264	1.3137	1.0651		
		0.7087	0.824	0.8788	1.1021	1.1882	1.1886	0.7147	0.5661	0.6844	0.1117	0.88	0.8098		
		0.6952	0.7247	0.856	0.9989	1.0053	1.1257	0.4704	0.5609	0.6044	0.7973	0.963	0.7745		
		0.3323	0.3248	0.3136	0.2923	0.2949	0.3155	0.906	0.9976	1.1308	1.3127	1.4893	1.412		
		0.3382	0.2958	0.2401	0.221	0.2243	0.2368	0.7103	0.8319	0.9172	1.0621	1.1478	1.3062		
		
21:55:25	31.40	1.8824	1.9023	1.876	1.7603	1.8112	1.7933	2.2073	2.2454	2.1523	2.3263	2.1535	2.2493		
		1.9277	1.9551	1.9088	1.8704	1.818	1.7486	2.3577	2.318	2.2792	2.2907	2.3342	2.132		
		1.2454	1.2323	1.6772	0.3695	1.6784	1.4123	1.4379	1.6603	1.4544	1.5798	1.5093	1.14		
		1.5536	1.6337	1.6185	1.8265	1.5653	1.7884	0.2962	2.1674	1.6087	1.2096	1.2439	1.0022		
		0.7572	0.8697	0.9305	1.1033	1.1874	1.1728	0.7822	0.6149	0.7495	0.1321	0.9507	0.8753		
		0.7322	0.7647	0.9081	1.0119	1.0159	1.1454	0.5129	0.5926	0.6592	0.8644	1.0488	0.8455		
		0.3284	0.3336	0.3245	0.3082	0.3254	0.3232	0.9643	1.0568	1.171	1.4062	1.4914	1.488		
		0.3463	0.3076	0.244	0.251	0.2341	0.2596	0.7576	0.884	0.9596	1.0939	1.2217	1.3715		
		
22:12:30	30.90	1.8661	1.9208	1.8565	1.7866	1.7868	1.7768	2.2532	2.2544	2.1601	2.3452	2.1429	2.2434		
		1.915	1.9313	1.8886	1.8519	1.7991	1.7262	2.3619	2.3172	2.2586	2.2769	2.3236	2.1228		
		1.1925	1.2301	1.5361	0.3676	1.5439	1.3146	1.3684	1.5236	1.3721	1.4978	1.4439	1.0855		
		1.6197	1.6997	1.5371	1.7043	1.4346	1.7976	0.294	2.2283	1.5943	1.1594	1.1873	0.9517		
		0.8071	0.9012	0.9566	1.183	1.1718	1.1507	0.8468	0.6677	0.8185	0.1113	1.0221	0.9423		
		0.7735	0.7957	0.9535	1.0473	1.0035	1.1456	0.5533	0.6444	0.7182	0.9285	1.1323	0.923		
		0.3305	0.3332	0.3316	0.3106	0.3257	0.3428	1.0249	1.118	1.1922	1.4248	1.4747	1.5519		
		0.3524	0.3231	0.257	0.2407	0.2438	0.2649	0.8166	0.9256	0.9894	1.1083	1.3044	1.4359		
		
22:29:35	30.40	1.8518	1.9003	1.8357	1.8077	1.7636	1.7601	2.2464	2.2365	2.1462	2.3471	2.1346	2.2442		
		1.904	1.9126	1.8693	1.8332	1.7795	1.7052	2.3544	2.3123	2.2384	2.2606	2.3228	2.1125		
		1.4807	1.2327	1.3633	0.3696	1.3924	1.2277	1.3034	1.4085	1.3084	1.4254	1.3748	1.0406		
		1.6501	1.7278	1.7502	1.5778	1.315	1.7174	0.2948	2.2494	1.5511	1.1152	1.1314	0.9048		
		0.8649	0.9326	0.978	1.1723	1.1826	1.127	0.9254	0.724	0.8922	0.1505	1.0896	1.009		
		0.8173	0.8243	0.9872	1.0486	0.9839	1.1365	0.602	0.6984	0.7791	0.986	1.2183	0.9895		
		0.3403	0.3505	0.3431	0.3268	0.3354	0.3598	1.0679	1.1759	1.2312	1.4628	1.4249	1.6133		
		0.3566	0.3293	0.267	0.2595	0.2621	0.286	0.8644	0.9603	1.0192	1.2264	1.3737	1.5012		
		
22:46:40	30.40	1.852	1.8862	1.8212	1.8382	1.7535	1.7534	2.2384	2.2282	2.1402	2.3308	2.1312	2.2399		
		1.8969	1.9039	1.8626	1.8233	1.7683	1.6934	2.3613	2.2974	2.2279	2.2511	2.3174	2.1053		
		1.5323	1.282	1.8136	0.3885	1.2784	1.1669	1.2591	1.3219	1.274	1.3705	1.321	1.0025		
		1.7156	1.615	1.6952	1.4817	1.2322	1.6172	0.317	2.18	1.5163	1.09	1.0879	0.8669		
		0.9408	0.9766	0.9928	1.1744	1.1644	1.1202	1.0089	0.7914	0.9792	0.1255	1.1822	1.0821		
		0.8922	0.8666	1.0297	1.0584	0.9717	1.1359	0.6699	0.7716	0.8535	1.0518	1.3022	1.0689		
		0.4072	0.3936	0.3842	0.3535	0.3783	0.4061	1.1327	1.2348	1.2257	1.4705	1.3738	1.6709		
		0.4149	0.3765	0.2959	0.2735	0.2902	0.313	0.9191	0.9866	1.0757	1.2803	1.458	1.5523		
		
23:03:45	31.10	1.8234	1.86	1.7993	1.8471	1.7248	1.728	2.2202	2.2086	2.1234	2.3597	2.1176	2.229		
		1.8819	1.8759	1.8358	1.7978	1.7368	1.664	2.3748	2.2762	2.2305	2.2338	2.3065	2.0937		
		1.5641	1.2294	1.785	0.3731	1.2694	1.0926	1.1883	1.2331	1.2146	1.2964	1.2432	0.9627		
		1.7507	1.7933	1.5028	1.4202	1.1461	1.4861	0.2961	2.2199	1.4657	1.0444	1.0757	0.825		
		0.9579	0.9709	0.9618	1.1235	1.1304	1.118	1.0584	0.8471	1.0506	0.1246	1.2557	1.1514		
		0.9005	0.8685	1.0438	1.034	0.9403	1.0939	0.7135	0.8282	0.9082	1.0787	1.3744	1.1438		
		0.3703	0.3761	0.3718	0.3745	0.3839	0.41	1.1207	1.226	1.262	1.5239	1.2951	1.7174		
		0.3741	0.3561	0.2869	0.2739	0.2934	0.3223	0.9243	0.9888	1.1399	1.4004	1.5241	1.6097		
		
23:20:50	31.40	1.7962	1.8372	1.7816	1.8601	1.7035	1.711	2.2002	2.1914	2.1142	2.3571	2.123	2.2185		
		1.8663	1.8552	1.8141	1.7765	1.7151	1.6404	2.3733	2.2612	2.2125	2.2212	2.2985	2.0835		
		1.4971	1.2212	1.7924	0.3691	1.1666	1.0379	1.1347	1.1621	1.1671	1.2327	1.1803	0.9263		
		1.7718	1.7298	1.4097	1.2321	1.0802	1.3764	0.2941	2.2434	1.4313	1.0103	1.0315	0.7926		
		0.9956	0.9496	0.9331	1.0803	1.1157	1.0961	1.1369	0.9085	1.1461	0.1516	1.3246	1.2263		
		0.9619	0.8732	1.0902	1.015	0.9282	1.0657	0.771	0.89	0.9821	1.1071	1.447	1.2197		
		0.365	0.3707	0.3789	0.3833	0.4023	0.4383	1.1062	1.2644	1.2196	1.7055	1.2276	1.7588		
		0.3648	0.3725	0.2973	0.2819	0.3145	0.3478	0.9213	0.9719	1.3259	1.4244	1.5786	1.6417		
		
23:37:55	31.10	1.7829	1.8204	1.7638	1.8765	1.6835	1.6922	2.1867	2.1737	2.1055	2.3474	2.1176	2.2011		
		1.8577	1.8408	1.7956	1.7579	1.6941	1.6163	2.371	2.2455	2.1987	2.2096	2.2859	2.0743		
		1.6017	1.2142	1.705	0.3689	1.0718	0.991	1.0867	1.0979	1.1248	1.1772	1.123	0.893		
		1.7611	1.7887	2.1476	1.133	1.0236	1.2711	0.2957	2.2059	1.4039	0.9769	0.9883	0.7606		
		1.0353	0.9268	0.9091	1.0471	1.1022	1.0794	1.2022	0.9883	1.2277	0.1547	1.3694	1.2849		
		0.9925	0.8762	0.9956	1.0977	0.916	1.0443	0.8301	0.9545	1.0393	1.1197	1.4994	1.2986		
		0.368	0.3936	0.3943	0.3863	0.4175	0.4709	1.0691	1.2208	1.8748	1.7972	1.1783	1.7887		
		0.3787	0.4006	0.303	0.3021	0.3371	0.3729	1.0377	0.9445	1.3573	1.5099	1.6219	1.6813		
		
23:55:00	30.50	1.7602	1.8002	1.7494	1.8895	1.6635	1.6731	2.1631	2.1565	2.098	2.3421	2.1066	2.189		
		1.8478	1.8204	1.7763	1.736	1.6695	1.5928	2.3568	2.2361	2.1838	2.1989	2.2756	2.065		
		1.6444	1.1786	1.597	0.3684	1.0008	0.9523	1.0422	1.0423	1.0849	1.1278	1.0711	0.8667		
		1.755	1.6795	1.6564	1.0508	0.9774	1.1769	0.2923	2.1992	1.3778	0.9521	0.951	0.7357		
		1.0804	1.0549	0.9132	1.023	1.0996	1.0624	1.2431	1.053	1.3086	0.1164	1.4276	1.348		
		1.1097	0.8684	0.9969	1.0551	0.9132	1.0291	0.8942	1.0181	1.0887	1.1189	1.5405	1.3692		
		0.3785	0.4042	0.4118	0.414	0.4532	0.505	1.1253	1.4226	1.3089	1.8227	1.1423	1.79		
		0.3821	0.4323	0.319	0.3314	0.3598	0.4053	1.0514	1.2261	1.3379	1.5294	1.6828	1.7146		
		
24:12:05	30.30	1.7468	1.7832	1.7337	1.9	1.6433	1.655	2.1457	2.1449	2.0907	2.3403	2.0989	2.1844		
		1.8381	1.8055	1.7574	1.7158	1.6476	1.5687	2.3711	2.2245	2.1683	2.1867	2.2659	2.058		
		1.6601	1.1214	1.5126	0.3715	0.937	0.9169	1.0035	0.9899	1.0468	1.0845	1.0257	0.8391		
		1.7433	1.7206	1.5269	0.9864	0.9411	1.0968	0.2928	2.1717	1.3574	0.9249	0.9156	0.7098		
		1.1167	1.0071	0.8931	1.0052	1.096	1.052	1.2662	1.105	1.3844	0.1384	1.4623	1.4012		
		1.1689	0.8534	1.057	1.0245	0.9119	1.0126	0.9506	1.0769	1.1309	1.1878	1.6754	1.4389		
		0.3968	0.4187	0.4375	0.4409	0.4983	0.5511	1.0766	1.5123	1.2433	1.8189	1.1182	1.7711		
		0.4024	0.4432	0.3357	0.3368	0.3878	0.442	0.9914	1.3588	1.2702	1.6297	1.7233	1.7324		
